  Sent.                        Matched  Bracket   Cross        Correct Tag
 ID  Len.  Stat. Recal  Prec.  Bracket gold test Bracket Words  Tags Accracy
============================================================================
   1    5    0  100.00 100.00     5      5    5      0      5     5   100.00
   2   10    0   80.00  72.73     8     10   11      0     10    10   100.00
   3    7    0   33.33 100.00     2      6    2      0      7     7   100.00
   4   10    0   71.43  71.43     5      7    7      1     10    10   100.00
   5    5    0  100.00 100.00     3      3    3      0      5     5   100.00
   6    9    0   50.00  42.86     3      6    7      2      9     9   100.00
   7    8    0   85.71  85.71     6      7    7      0      8     8   100.00
   8   10    0  100.00 100.00     7      7    7      0     10    10   100.00
   9   10    0   87.50  87.50     7      8    8      0     10    10   100.00
  10   11    0   80.00  88.89     8     10    9      0     11    11   100.00
  11    6    0   83.33  83.33     5      6    6      0      6     6   100.00
  12    7    0   80.00 100.00     4      5    4      0      7     7   100.00
  13    6    0   66.67  50.00     2      3    4      0      6     6   100.00
  14    3    0  100.00 100.00     3      3    3      0      3     3   100.00
  15    6    0  100.00 100.00     4      4    4      0      6     6   100.00
  16   10    0  100.00 100.00    10     10   10      0     10    10   100.00
  17   11    0   72.73  66.67     8     11   12      2     11    11   100.00
  18   10    0   71.43  83.33     5      7    6      0     10    10   100.00
  19   10    0  100.00 100.00     8      8    8      0     10    10   100.00
  20    8    0  100.00 100.00     6      6    6      0      8     8   100.00
  21    5    0  100.00 100.00     4      4    4      0      5     5   100.00
  22    9    0   90.00  90.00     9     10   10      0      9     9   100.00
  23   11    0  100.00 100.00     6      6    6      0     11    11   100.00
  24    9    0  100.00  88.89     8      8    9      0      9     9   100.00
  25   10    0  100.00 100.00     7      7    7      0     10    10   100.00
  26   10    0  100.00 100.00     5      5    5      0     10    10   100.00
  27   11    0  100.00 100.00     8      8    8      0     11    11   100.00
  28   10    0  100.00 100.00     6      6    6      0     10    10   100.00
  29    7    0   66.67  66.67     4      6    6      1      7     7   100.00
  30    5    0  100.00 100.00     5      5    5      0      5     5   100.00
  31    6    0   80.00  80.00     4      5    5      0      6     6   100.00
  32    6    0  100.00 100.00     5      5    5      0      6     6   100.00
  33   11    0  100.00 100.00     7      7    7      0     11    11   100.00
  34    9    0  100.00  83.33     5      5    6      0      9     9   100.00
  35   11    0   85.71  85.71     6      7    7      0     11    11   100.00
  36   11    0  100.00 100.00    10     10   10      0     11    11   100.00
  37    8    0   33.33  40.00     2      6    5      2      8     8   100.00
  38    6    0  100.00 100.00     5      5    5      0      6     6   100.00
  39   10    0  100.00 100.00     5      5    5      0     10    10   100.00
  40   10    0   81.82  81.82     9     11   11      1     10    10   100.00
  41   11    0   62.50  71.43     5      8    7      1     11    11   100.00
  42   11    0   62.50  71.43     5      8    7      1     11    11   100.00
  43    8    0  100.00 100.00     6      6    6      0      8     8   100.00
  44    5    0   75.00  75.00     3      4    4      0      5     5   100.00
  45   10    0  100.00 100.00     6      6    6      0     10    10   100.00
  46    9    0  100.00 100.00     6      6    6      0      9     9   100.00
  47   11    0  100.00 100.00     8      8    8      0     11    11   100.00
  48    9    0  100.00 100.00     9      9    9      0      9     9   100.00
  49   10    0   66.67  75.00     6      9    8      0     10    10   100.00
  50    6    0  100.00 100.00     6      6    6      0      6     6   100.00
  51    6    0   66.67  66.67     2      3    3      0      6     6   100.00
  52    7    0  100.00 100.00     6      6    6      0      7     7   100.00
  53    7    0  100.00 100.00     8      8    8      0      7     7   100.00
  54    9    0  100.00 100.00     6      6    6      0      9     9   100.00
  55   10    0   66.67  57.14     4      6    7      0     10    10   100.00
  56    7    0  100.00 100.00     6      6    6      0      7     7   100.00
  57   11    0  100.00 100.00     7      7    7      0     11    11   100.00
  58    8    0  100.00 100.00     5      5    5      0      8     8   100.00
  59   10    0  100.00 100.00     6      6    6      0     10    10   100.00
  60    6    0  100.00 100.00     5      5    5      0      6     6   100.00
  61    5    0  100.00 100.00     4      4    4      0      5     5   100.00
  62    7    0  100.00 100.00     6      6    6      0      7     7   100.00
  63    6    0  100.00 100.00     6      6    6      0      6     6   100.00
  64   11    0  100.00 100.00     6      6    6      0     11    11   100.00
  65    8    0  100.00 100.00     4      4    4      0      8     8   100.00
  66    8    0  100.00 100.00     6      6    6      0      8     8   100.00
  67   10    0   57.14  50.00     4      7    8      2     10    10   100.00
  68    8    0  100.00 100.00     4      4    4      0      8     8   100.00
  69   11    0   55.56  62.50     5      9    8      1     11    11   100.00
  70    8    0  100.00 100.00     6      6    6      0      8     8   100.00
  71    8    0  100.00  81.82     9      9   11      0      8     8   100.00
  72    5    0  100.00 100.00     4      4    4      0      5     5   100.00
  73    9    0   83.33  71.43     5      6    7      0      9     9   100.00
  74   10    0  100.00 100.00     7      7    7      0     10    10   100.00
  75   10    0  100.00 100.00     8      8    8      0     10    10   100.00
  76    8    0  100.00 100.00     7      7    7      0      8     8   100.00
  77    7    0  100.00 100.00     5      5    5      0      7     7   100.00
  78    9    0  100.00 100.00     7      7    7      0      9     9   100.00
  79    9    0  100.00 100.00     8      8    8      0      9     9   100.00
  80    6    0  100.00 100.00     5      5    5      0      6     6   100.00
  81   11    0  100.00 100.00    10     10   10      0     11    11   100.00
  82    5    0  100.00 100.00     3      3    3      0      5     5   100.00
  83    9    0  100.00 100.00     5      5    5      0      9     9   100.00
  84    9    0   83.33  71.43     5      6    7      0      9     9   100.00
  85    9    0   88.89  88.89     8      9    9      0      9     9   100.00
  86   11    0  100.00 100.00     9      9    9      0     11    11   100.00
  87    7    0  100.00 100.00     6      6    6      0      7     7   100.00
  88   11    0  100.00 100.00     9      9    9      0     11    11   100.00
  89   11    0   75.00  66.67     6      8    9      1     11    11   100.00
  90    6    0  100.00 100.00     5      5    5      0      6     6   100.00
  91    6    0  100.00 100.00     5      5    5      0      6     6   100.00
  92    4    0  100.00 100.00     3      3    3      0      4     4   100.00
  93    7    0  100.00 100.00     5      5    5      0      7     7   100.00
  94    9    0  100.00 100.00     9      9    9      0      9     9   100.00
  95   10    0  100.00 100.00    10     10   10      0     10    10   100.00
  96   11    0  100.00 100.00     8      8    8      0     11    11   100.00
  97    8    0   80.00  80.00     4      5    5      0      8     8   100.00
  98   10    0   71.43  71.43     5      7    7      1     10    10   100.00
  99    9    0   71.43  83.33     5      7    6      0      9     9   100.00
 100    8    0   50.00  60.00     3      6    5      1      8     8   100.00
 101    9    0   71.43  71.43     5      7    7      1      9     9   100.00
 102   10    0   83.33  71.43     5      6    7      0     10    10   100.00
 103    8    0  100.00 100.00     5      5    5      0      8     8   100.00
 104   10    0   37.50  50.00     3      8    6      2     10    10   100.00
 105   10    0  100.00 100.00     7      7    7      0     10    10   100.00
 106    5    0  100.00 100.00     4      4    4      0      5     5   100.00
 107    8    0   80.00  80.00     4      5    5      0      8     8   100.00
 108    9    0  100.00 100.00     9      9    9      0      9     9   100.00
 109    9    0  100.00 100.00     6      6    6      0      9     9   100.00
 110   10    0  100.00 100.00     9      9    9      0     10    10   100.00
 111    9    0   75.00  66.67     6      8    9      1      9     9   100.00
 112   10    0  100.00 100.00     8      8    8      0     10    10   100.00
 113    7    0  100.00 100.00     7      7    7      0      7     7   100.00
 114    9    0  100.00 100.00     6      6    6      0      9     9   100.00
 115   10    0   60.00  75.00     6     10    8      1     10    10   100.00
 116    9    0  100.00 100.00     9      9    9      0      9     9   100.00
 117    6    0  100.00 100.00     5      5    5      0      6     6   100.00
 118   11    0  100.00 100.00     9      9    9      0     11    11   100.00
 119    6    0  100.00 100.00     5      5    5      0      6     6   100.00
 120    6    0  100.00 100.00     6      6    6      0      6     6   100.00
 121   11    0   44.44 100.00     4      9    4      0     11    11   100.00
 122   11    0  100.00  90.91    10     10   11      0     11    11   100.00
 123    7    0  100.00 100.00     5      5    5      0      7     7   100.00
 124   11    0  100.00 100.00     9      9    9      0     11    11   100.00
 125    6    0  100.00 100.00     5      5    5      0      6     6   100.00
 126   10    0  100.00 100.00     8      8    8      0     10    10   100.00
 127    7    0   66.67  80.00     4      6    5      0      7     7   100.00
 128   11    0   87.50  87.50     7      8    8      0     11    11   100.00
 129   10    0  100.00 100.00     8      8    8      0     10    10   100.00
 130    9    0  100.00 100.00     7      7    7      0      9     9   100.00
 131    8    0  100.00 100.00     6      6    6      0      8     8   100.00
 132    9    0  100.00 100.00     7      7    7      0      9     9   100.00
 133    7    0  100.00 100.00     6      6    6      0      7     7   100.00
 134    9    0  100.00 100.00     8      8    8      0      9     9   100.00
 135   11    0   83.33  71.43     5      6    7      0     11    11   100.00
 136   10    0   80.00  80.00     4      5    5      0     10    10   100.00
 137    8    0  100.00 100.00     5      5    5      0      8     8   100.00
 138    6    0   75.00  75.00     3      4    4      0      6     6   100.00
 139    8    0  100.00 100.00     9      9    9      0      8     8   100.00
 140   10    0  100.00 100.00     6      6    6      0     10    10   100.00
 141    6    0   75.00  75.00     3      4    4      0      6     6   100.00
 142    6    0  100.00 100.00     4      4    4      0      6     6   100.00
 143    6    0  100.00 100.00     7      7    7      0      6     6   100.00
 144   10    0  100.00 100.00     6      6    6      0     10    10   100.00
 145    9    0  100.00 100.00     8      8    8      0      9     9   100.00
 146    7    0  100.00 100.00     6      6    6      0      7     7   100.00
 147   10    0   77.78  87.50     7      9    8      0     10    10   100.00
 148   10    0  100.00 100.00     6      6    6      0     10    10   100.00
 149   11    0  100.00 100.00    12     12   12      0     11    11   100.00
 150    8    0  100.00 100.00     5      5    5      0      8     8   100.00
 151    9    0  100.00 100.00     7      7    7      0      9     9   100.00
 152   11    0   70.00  70.00     7     10   10      2     11    11   100.00
 153   10    0   90.00  90.00     9     10   10      0     10    10   100.00
 154    8    0  100.00 100.00     7      7    7      0      8     8   100.00
 155    9    0  100.00 100.00     8      8    8      0      9     9   100.00
 156    8    0   42.86  50.00     3      7    6      2      8     8   100.00
 157    9    0  100.00 100.00     6      6    6      0      9     9   100.00
 158    8    0  100.00  85.71     6      6    7      0      8     8   100.00
 159    7    0   66.67  80.00     4      6    5      0      7     7   100.00
 160    4    0  100.00 100.00     2      2    2      0      4     4   100.00
 161   10    0   77.78  70.00     7      9   10      1     10    10   100.00
 162    8    0  100.00 100.00     7      7    7      0      8     8   100.00
 163    8    0  100.00 100.00     7      7    7      0      8     8   100.00
 164   11    0  100.00 100.00     6      6    6      0     11    11   100.00
 165    8    0   57.14 100.00     4      7    4      0      8     8   100.00
 166    7    0  100.00 100.00     7      7    7      0      7     7   100.00
 167   10    0   62.50  71.43     5      8    7      0     10    10   100.00
 168   11    0  100.00 100.00     7      7    7      0     11    11   100.00
 169   11    0   91.67 100.00    11     12   11      0     11    11   100.00
 170    8    0  100.00 100.00     6      6    6      0      8     8   100.00
 171    8    0   75.00  60.00     3      4    5      0      8     8   100.00
 172    9    0  100.00 100.00     6      6    6      0      9     9   100.00
 173   11    0  100.00 100.00     8      8    8      0     11    11   100.00
 174   10    0  100.00 100.00    10     10   10      0     10    10   100.00
 175   10    0  100.00 100.00     6      6    6      0     10    10   100.00
 176    5    0  100.00 100.00     4      4    4      0      5     5   100.00
 177    5    0  100.00 100.00     4      4    4      0      5     5   100.00
 178    8    0  100.00 100.00     5      5    5      0      8     8   100.00
 179    8    0  100.00 100.00     6      6    6      0      8     8   100.00
 180    7    0   60.00  75.00     3      5    4      0      7     7   100.00
 181    8    0  100.00 100.00     6      6    6      0      8     8   100.00
 182    7    0  100.00 100.00     6      6    6      0      7     7   100.00
 183    9    0  100.00 100.00     7      7    7      0      9     9   100.00
 184   10    0  100.00 100.00    10     10   10      0     10    10   100.00
 185    6    0   83.33 100.00     5      6    5      0      6     6   100.00
 186   10    0   66.67  75.00     6      9    8      1     10    10   100.00
 187    9    0  100.00 100.00     7      7    7      0      9     9   100.00
 188    5    0  100.00 100.00     5      5    5      0      5     5   100.00
 189   10    0  100.00 100.00    10     10   10      0     10    10   100.00
 190    9    0  100.00 100.00     6      6    6      0      9     9   100.00
 191    7    0  100.00 100.00     5      5    5      0      7     7   100.00
 192    9    0   75.00  85.71     6      8    7      0      9     9   100.00
 193   10    0  100.00 100.00     8      8    8      0     10    10   100.00
 194   10    0   88.89 100.00     8      9    8      0     10    10   100.00
 195    6    0  100.00 100.00     5      5    5      0      6     6   100.00
 196    7    0  100.00 100.00     8      8    8      0      7     7   100.00
 197    7    0  100.00 100.00     6      6    6      0      7     7   100.00
 198    9    0  100.00 100.00     5      5    5      0      9     9   100.00
 199    9    0  100.00 100.00     7      7    7      0      9     9   100.00
 200    9    0   66.67  80.00     4      6    5      0      9     9   100.00
 201    4    0  100.00 100.00     4      4    4      0      4     4   100.00
 202    7    0  100.00 100.00     5      5    5      0      7     7   100.00
 203    8    0  100.00 100.00     6      6    6      0      8     8   100.00
 204    9    0   45.45  83.33     5     11    6      1      9     9   100.00
 205    8    0  100.00 100.00     5      5    5      0      8     8   100.00
 206   10    0  100.00 100.00     8      8    8      0     10    10   100.00
 207   10    0   83.33  71.43     5      6    7      0     10    10   100.00
 208    6    0   71.43 100.00     5      7    5      0      6     6   100.00
 209    9    0  100.00 100.00     7      7    7      0      9     9   100.00
 210    7    0   50.00  50.00     2      4    4      1      7     7   100.00
 211   10    0   77.78  87.50     7      9    8      0     10    10   100.00
 212    3    0  100.00 100.00     2      2    2      0      3     3   100.00
 213    3    0  100.00 100.00     3      3    3      0      3     3   100.00
 214   10    0  100.00 100.00    10     10   10      0     10    10   100.00
 215    7    0   33.33  40.00     2      6    5      2      7     7   100.00
 216   10    0  100.00 100.00     9      9    9      0     10    10   100.00
 217    7    0  100.00 100.00     6      6    6      0      7     7   100.00
 218   10    0   87.50 100.00     7      8    7      0     10    10   100.00
 219    6    0  100.00 100.00     4      4    4      0      6     6   100.00
 220    7    0  100.00 100.00     4      4    4      0      7     7   100.00
 221    4    0  100.00 100.00     4      4    4      0      4     4   100.00
 222    9    0  100.00 100.00     8      8    8      0      9     9   100.00
 223    8    0  100.00 100.00     6      6    6      0      8     8   100.00
 224    9    0  100.00 100.00     9      9    9      0      9     9   100.00
 225    8    0  100.00 100.00     6      6    6      0      8     8   100.00
 226    7    0  100.00 100.00     6      6    6      0      7     7   100.00
 227    7    0  100.00 100.00     6      6    6      0      7     7   100.00
 228   10    0   75.00  85.71     6      8    7      0     10    10   100.00
 229    9    0  100.00 100.00     9      9    9      0      9     9   100.00
 230   12    0   87.50 100.00     7      8    7      0     12    12   100.00
 231   12    0  100.00 100.00     8      8    8      0     12    12   100.00
 232   12    0  100.00 100.00     9      9    9      0     12    12   100.00
 233   14    0  100.00 100.00    11     11   11      0     14    14   100.00
 234   14    0  100.00 100.00     9      9    9      0     14    14   100.00
 235   14    0  100.00 100.00     9      9    9      0     14    14   100.00
 236   15    0  100.00 100.00    10     10   10      0     15    15   100.00
 237   16    0  100.00  93.33    14     14   15      0     16    16   100.00
 238   11    0   83.33  71.43     5      6    7      0     11    11   100.00
 239   13    0  100.00 100.00    12     12   12      0     13    13   100.00
 240   15    0  100.00 100.00    12     12   12      0     15    15   100.00
 241   13    0  100.00 100.00     9      9    9      0     13    13   100.00
 242   13    0   90.91 100.00    10     11   10      0     13    13   100.00
 243   12    0   50.00  55.56     5     10    9      1     12    12   100.00
 244   12    0  100.00 100.00     8      8    8      0     12    12   100.00
 245   14    0  100.00 100.00     9      9    9      0     14    14   100.00
 246   13    0  100.00 100.00    12     12   12      0     13    13   100.00
 247   13    0  100.00 100.00    10     10   10      0     13    13   100.00
 248   16    0  100.00 100.00    14     14   14      0     16    16   100.00
 249   12    0   60.00  66.67     6     10    9      1     12    12   100.00
 250   16    0   85.71  85.71    12     14   14      0     16    16   100.00
 251   13    0   85.71  75.00     6      7    8      0     13    13   100.00
 252   14    0   44.44  44.44     4      9    9      4     14    14   100.00
 253   15    0   75.00  81.82     9     12   11      0     15    15   100.00
 254   14    0   88.89  88.89     8      9    9      0     14    14   100.00
 255   12    0  100.00 100.00    10     10   10      0     12    12   100.00
 256   12    0   44.44  40.00     4      9   10      4     12    12   100.00
 257   15    0   86.67 100.00    13     15   13      0     15    15   100.00
 258   15    0   66.67  66.67     6      9    9      1     15    15   100.00
 259   13    0   72.73  72.73     8     11   11      2     13    13   100.00
 260   10    0  100.00  80.00     4      4    5      0     10    10   100.00
 261   12    0   66.67 100.00     6      9    6      0     12    12   100.00
 262   13    0   55.56  71.43     5      9    7      2     13    13   100.00
 263   16    0   76.92  76.92    10     13   13      2     16    16   100.00
 264   14    0   92.86 100.00    13     14   13      0     14    14   100.00
 265   15    0  100.00 100.00    14     14   14      0     15    15   100.00
 266   12    0  100.00 100.00     8      8    8      0     12    12   100.00
 267   13    0  100.00 100.00    11     11   11      0     13    13   100.00
 268   13    0  100.00 100.00    10     10   10      0     13    13   100.00
 269   16    0  100.00 100.00    13     13   13      0     16    16   100.00
 270   14    0   71.43  66.67    10     14   15      4     14    14   100.00
 271   15    0   92.86  92.86    13     14   14      0     15    15   100.00
 272   13    0  100.00 100.00     9      9    9      0     13    13   100.00
 273   14    0  100.00 100.00    11     11   11      0     14    14   100.00
 274   15    0  100.00  81.82     9      9   11      0     15    15   100.00
 275   11    0  100.00 100.00     7      7    7      0     11    11   100.00
 276   12    0  100.00 100.00     8      8    8      0     12    12   100.00
 277   14    0  100.00 100.00    11     11   11      0     14    14   100.00
 278   13    0  100.00 100.00    10     10   10      0     13    13   100.00
 279   12    0  100.00 100.00     9      9    9      0     12    12   100.00
 280   15    0   50.00  37.50     3      6    8      2     15    15   100.00
 281   12    0   81.82  90.00     9     11   10      0     12    12   100.00
 282   12    0  100.00 100.00     9      9    9      0     12    12   100.00
 283    8    0   55.56  71.43     5      9    7      1      8     8   100.00
 284   14    0   60.00  54.55     6     10   11      3     14    14   100.00
 285   13    0  100.00 100.00     9      9    9      0     13    13   100.00
 286   15    0  100.00 100.00     7      7    7      0     15    15   100.00
 287   13    0   83.33  90.91    10     12   11      0     13    13   100.00
 288   14    0  100.00 100.00    12     12   12      0     14    14   100.00
 289   13    0  100.00  88.89     8      8    9      0     13    13   100.00
 290   15    0   81.25  76.47    13     16   17      1     15    15   100.00
 291   16    0   53.85  58.33     7     13   12      4     16    16   100.00
 292   15    0   80.00  80.00     8     10   10      1     15    15   100.00
 293   12    0  100.00  75.00     6      6    8      0     12    12   100.00
 294   13    0  100.00 100.00    10     10   10      0     13    13   100.00
 295   12    0   70.00  87.50     7     10    8      0     12    12   100.00
 296   16    0   76.92  83.33    10     13   12      0     16    16   100.00
 297   13    0  100.00 100.00    12     12   12      0     13    13   100.00
 298   16    0   50.00  75.00     6     12    8      0     16    16   100.00
 299   14    0  100.00  91.67    11     11   12      0     14    14   100.00
 300   14    0   88.89 100.00     8      9    8      0     14    14   100.00
 301   15    0   76.92  83.33    10     13   12      1     15    15   100.00
 302   12    0  100.00 100.00     9      9    9      0     12    12   100.00
 303   13    0  100.00 100.00    11     11   11      0     13    13   100.00
 304   14    0  100.00  90.00     9      9   10      0     14    14   100.00
 305   16    0   68.75  78.57    11     16   14      1     16    16   100.00
 306   15    0  100.00 100.00    14     14   14      0     15    15   100.00
 307   12    0  100.00  91.67    11     11   12      0     12    12   100.00
 308   15    0   92.86  76.47    13     14   17      0     15    15   100.00
 309   14    0  100.00 100.00    12     12   12      0     14    14   100.00
 310   16    0   91.67  78.57    11     12   14      0     16    16   100.00
 311   12    0  100.00 100.00    11     11   11      0     12    12   100.00
 312   13    0  100.00 100.00     8      8    8      0     13    13   100.00
 313   14    0   90.91  83.33    10     11   12      0     14    14   100.00
 314   14    0   90.91  90.91    10     11   11      0     14    14   100.00
 315   12    0   75.00  85.71     6      8    7      0     12    12   100.00
 316   11    0  100.00 100.00     9      9    9      0     11    11   100.00
 317   12    0  100.00 100.00    12     12   12      0     12    12   100.00
 318   11    0   85.71  75.00     6      7    8      0     11    11   100.00
 319   14    0  100.00 100.00     9      9    9      0     14    14   100.00
 320   15    0   33.33  30.00     3      9   10      4     15    15   100.00
 321   13    0  100.00  88.89     8      8    9      0     13    13   100.00
 322   14    0  100.00 100.00    10     10   10      0     14    14   100.00
 323   15    0   83.33  90.91    10     12   11      0     15    15   100.00
 324   16    0  100.00 100.00    14     14   14      0     16    16   100.00
 325   14    0   85.71  66.67     6      7    9      0     14    14   100.00
 326   14    0  100.00 100.00    12     12   12      0     14    14   100.00
 327   15    0   50.00  55.56     5     10    9      3     15    15   100.00
 328   15    0  100.00 100.00    10     10   10      0     15    15   100.00
 329   12    0  100.00  87.50     7      7    8      0     12    12   100.00
 330   16    0   90.00  81.82     9     10   11      0     16    16   100.00
 331   12    0   90.91  90.91    10     11   11      0     12    12   100.00
 332   12    0  100.00  81.82     9      9   11      0     12    12   100.00
 333   15    0   88.89  88.89     8      9    9      0     15    15   100.00
 334   13    0  100.00 100.00    10     10   10      0     13    13   100.00
 335   12    0   90.00  81.82     9     10   11      0     12    12   100.00
 336   12    0  100.00 100.00    13     13   13      0     12    12   100.00
 337   12    0   50.00  60.00     6     12   10      4     12    12   100.00
 338   12    0   37.50  37.50     3      8    8      4     12    12   100.00
 339   12    0   90.91  83.33    10     11   12      0     12    12   100.00
 340   13    0  100.00 100.00    12     12   12      0     13    13   100.00
 341   12    0   50.00  50.00     4      8    8      1     12    12   100.00
 342   12    0  100.00 100.00     8      8    8      0     12    12   100.00
 343   16    0   75.00  69.23     9     12   13      0     16    16   100.00
 344   14    0   80.00  80.00     8     10   10      0     14    14   100.00
 345   16    0  100.00 100.00    12     12   12      0     16    16   100.00
 346   12    0   63.64  77.78     7     11    9      1     12    12   100.00
 347   12    0  100.00 100.00    10     10   10      0     12    12   100.00
 348   11    0  100.00  77.78     7      7    9      0     11    11   100.00
 349   13    0  100.00 100.00    14     14   14      0     13    13   100.00
 350   10    0  100.00  81.82     9      9   11      0     10    10   100.00
 351   15    0   84.62  91.67    11     13   12      0     15    15   100.00
 352   14    0   87.50  87.50     7      8    8      0     14    14   100.00
 353   15    0  100.00  90.00     9      9   10      0     15    15   100.00
 354   13    0  100.00  90.00     9      9   10      0     13    13   100.00
 355   14    0  100.00 100.00     8      8    8      0     14    14   100.00
 356   13    0   83.33  76.92    10     12   13      0     13    13   100.00
 357   14    0  100.00 100.00    16     16   16      0     14    14   100.00
 358   12    0   66.67  66.67     6      9    9      2     12    12   100.00
 359   13    0  100.00 100.00    11     11   11      0     13    13   100.00
 360   12    0   71.43  55.56     5      7    9      1     12    12   100.00
 361   14    0   61.54  80.00     8     13   10      1     14    14   100.00
 362   11    0  100.00 100.00     9      9    9      0     11    11   100.00
 363   14    0   75.00  81.82     9     12   11      1     14    14   100.00
 364   14    0  100.00 100.00    12     12   12      0     14    14   100.00
 365   10    0  100.00 100.00     7      7    7      0     10    10   100.00
 366   12    0  100.00 100.00     9      9    9      0     12    12   100.00
 367   13    0   90.91  83.33    10     11   12      0     13    13   100.00
 368   13    0  100.00 100.00    12     12   12      0     13    13   100.00
 369   13    0  100.00 100.00     8      8    8      0     13    13   100.00
 370   15    0   62.50  76.92    10     16   13      2     15    15   100.00
 371   11    0   75.00  85.71     6      8    7      0     11    11   100.00
 372   14    0  100.00 100.00     9      9    9      0     14    14   100.00
 373   15    0   50.00  60.00     6     12   10      3     15    15   100.00
 374   14    0   80.00  80.00     8     10   10      2     14    14   100.00
 375   16    0   92.86 100.00    13     14   13      0     16    16   100.00
 376   15    0   78.57  78.57    11     14   14      2     15    15   100.00
 377   14    0  100.00 100.00    14     14   14      0     14    14   100.00
 378   15    0   81.82  81.82     9     11   11      1     15    15   100.00
 379   14    0  100.00 100.00     9      9    9      0     14    14   100.00
 380   13    0   33.33  40.00     4     12   10      5     13    13   100.00
 381   12    0   81.82 100.00     9     11    9      0     12    12   100.00
 382   13    0   90.00 100.00     9     10    9      0     13    13   100.00
 383   14    0  100.00  90.00     9      9   10      0     14    14   100.00
 384   12    0  100.00 100.00     8      8    8      0     12    12   100.00
 385   11    0  100.00  88.89     8      8    9      0     11    11   100.00
 386   14    0  100.00 100.00    10     10   10      0     14    14   100.00
 387   13    0  100.00 100.00    12     12   12      0     13    13   100.00
 388   11    0  100.00 100.00     8      8    8      0     11    11   100.00
 389   13    0  100.00 100.00     8      8    8      0     13    13   100.00
 390   16    0   92.86 100.00    13     14   13      0     16    16   100.00
 391   13    0   87.50  87.50     7      8    8      0     13    13   100.00
 392   13    0   66.67  72.73     8     12   11      2     13    13   100.00
 393   13    0   81.82  81.82     9     11   11      0     13    13   100.00
 394   14    0   77.78  77.78     7      9    9      0     14    14   100.00
 395   15    0  100.00  91.67    11     11   12      0     15    15   100.00
 396   14    0  100.00 100.00    14     14   14      0     14    14   100.00
 397   15    0  100.00 100.00    14     14   14      0     15    15   100.00
 398   19    0   64.71  84.62    11     17   13      1     19    19   100.00
 399   17    0   57.14  66.67     8     14   12      3     17    17   100.00
 400   14    0  100.00 100.00    13     13   13      0     14    14   100.00
 401   21    0   50.00  80.00     8     16   10      2     21    21   100.00
 402   18    0   81.25  86.67    13     16   15      2     18    18   100.00
 403   16    0   10.00  12.50     1     10    8      4     16    16   100.00
 404   17    0   44.44  33.33     4      9   12      4     17    17   100.00
 405   16    0   75.00 100.00     9     12    9      0     16    16   100.00
 406   20    0   81.25  81.25    13     16   16      1     20    20   100.00
 407   17    0   92.86  92.86    13     14   14      0     17    17   100.00
 408   20    0   78.57  78.57    11     14   14      1     20    20   100.00
 409   21    0   94.12  84.21    16     17   19      0     21    21   100.00
 410   18    0  100.00 100.00    15     15   15      0     18    18   100.00
 411   19    0  100.00 100.00    17     17   17      0     19    19   100.00
 412   18    0   54.55  50.00     6     11   12      5     18    18   100.00
 413   16    0   83.33  76.92    10     12   13      1     16    16   100.00
 414   18    0   93.33  93.33    14     15   15      0     18    18   100.00
 415   20    0   89.47  89.47    17     19   19      1     20    20   100.00
 416   20    0   58.82  71.43    10     17   14      2     20    20   100.00
 417   18    0  100.00 100.00    16     16   16      0     18    18   100.00
 418   20    0  100.00 100.00    14     14   14      0     20    20   100.00
 419   20    0   66.67  80.00     8     12   10      0     20    20   100.00
 420   21    0  100.00 100.00    14     14   14      0     21    21   100.00
 421   19    0   78.57  84.62    11     14   13      0     19    19   100.00
 422   20    0   91.67  91.67    11     12   12      0     20    20   100.00
 423   18    0   81.25  68.42    13     16   19      0     18    18   100.00
 424   21    0  100.00 100.00    20     20   20      0     21    21   100.00
 425   16    0   75.00  54.55     6      8   11      0     16    16   100.00
 426   18    0   62.50  38.46     5      8   13      2     18    18   100.00
 427   21    0  100.00 100.00    16     16   16      0     21    21   100.00
 428   18    0   87.50  87.50    14     16   16      0     18    18   100.00
 429   17    0   75.00  81.82     9     12   11      0     17    17   100.00
 430   18    0  100.00 100.00    17     17   17      0     18    18   100.00
 431   19    0   71.43  76.92    10     14   13      2     19    19   100.00
 432   20    0   70.59  70.59    12     17   17      2     20    20   100.00
 433   16    0   75.00  75.00     9     12   12      2     16    16   100.00
 434   17    0   75.00  75.00     9     12   12      2     17    17   100.00
 435   17    0   87.50  87.50    14     16   16      1     17    17   100.00
 436   20    0  100.00 100.00    14     14   14      0     20    20   100.00
 437   20    0   92.31 100.00    12     13   12      0     20    20   100.00
 438   19    0   84.62  91.67    11     13   12      0     19    19   100.00
 439   18    0   94.12  94.12    16     17   17      0     18    18   100.00
 440   18    0   80.00  92.31    12     15   13      0     18    18   100.00
 441   19    0   76.47  81.25    13     17   16      0     19    19   100.00
 442   19    0   88.89  88.89    16     18   18      0     19    19   100.00
 443   17    0   71.43  76.92    10     14   13      3     17    17   100.00
 444   21    0   93.75  93.75    15     16   16      0     21    21   100.00
 445   20    0   85.71  80.00    12     14   15      1     20    20   100.00
 446   21    0   88.24  93.75    15     17   16      0     21    21   100.00
 447   18    0   92.86  86.67    13     14   15      0     18    18   100.00
 448   19    0   86.67  92.86    13     15   14      0     19    19   100.00
 449   16    0   66.67  88.89     8     12    9      0     16    16   100.00
 450   17    0   61.54  72.73     8     13   11      0     17    17   100.00
 451   20    0   88.24  83.33    15     17   18      1     20    20   100.00
 452   19    0   90.00  94.74    18     20   19      0     19    19   100.00
 453   19    0   50.00  47.06     8     16   17      6     19    19   100.00
 454   21    0   84.21  88.89    16     19   18      2     21    21   100.00
 455   17    0   71.43  76.92    10     14   13      2     17    17   100.00
 456   17    0  100.00 100.00    13     13   13      0     17    17   100.00
 457   18    0  100.00 100.00    16     16   16      0     18    18   100.00
 458   16    0   91.67  91.67    11     12   12      0     16    16   100.00
 459   17    0   91.67  84.62    11     12   13      0     17    17   100.00
 460   16    0  100.00 100.00    10     10   10      0     16    16   100.00
 461   21    0   94.44  89.47    17     18   19      0     21    21   100.00
 462   18    0  100.00 100.00    15     15   15      0     18    18   100.00
 463   21    0   87.50  82.35    14     16   17      0     21    21   100.00
 464   21    0   77.78  77.78    14     18   18      3     21    21   100.00
 465   20    0   94.12 100.00    16     17   16      0     20    20   100.00
 466   20    0   85.71  85.71    12     14   14      1     20    20   100.00
 467   17    0   80.00  92.31    12     15   13      1     17    17   100.00
 468   21    0   77.27  77.27    17     22   22      2     21    21   100.00
 469   18    0   88.24  93.75    15     17   16      1     18    18   100.00
 470   21    0   93.33  93.33    14     15   15      0     21    21   100.00
 471   19    0   75.00  85.71    12     16   14      1     19    19   100.00
 472   19    0   94.12  88.89    16     17   18      0     19    19   100.00
 473   17    0   68.75  73.33    11     16   15      3     17    17   100.00
 474   18    0   84.62  91.67    11     13   12      0     18    18   100.00
 475   17    0   84.62  84.62    11     13   13      1     17    17   100.00
 476   21    0   57.14  60.00    12     21   20      6     21    21   100.00
 477   18    0   69.23  81.82     9     13   11      0     18    18   100.00
 478   18    0   63.64  63.64     7     11   11      2     18    18   100.00
 479   18    0   71.43  66.67    10     14   15      2     18    18   100.00
 480   15    0   64.29  69.23     9     14   13      3     15    15   100.00
 481   18    0   56.25  60.00     9     16   15      4     18    18   100.00
 482   12    0   66.67  80.00     8     12   10      1     12    12   100.00
 483   19    0   90.00  90.00    18     20   20      1     19    19   100.00
 484   15    0  100.00  88.24    15     15   17      0     15    15   100.00
 485   18    0   94.12 100.00    16     17   16      0     18    18   100.00
 486   21    0   88.89  84.21    16     18   19      1     21    21   100.00
 487   17    0   80.00  85.71    12     15   14      1     17    17   100.00
 488   16    0   58.33  70.00     7     12   10      2     16    16   100.00
 489   16    0   53.85  58.33     7     13   12      4     16    16   100.00
 490   21    0  100.00 100.00    19     19   19      0     21    21   100.00
 491   19    0  100.00  66.67    10     10   15      0     19    19   100.00
 492   16    0   69.23  75.00     9     13   12      2     16    16   100.00
 493   17    0   86.67  92.86    13     15   14      0     17    17   100.00
 494   20    0   93.75 100.00    15     16   15      0     20    20   100.00
 495   19    0  100.00 100.00    16     16   16      0     19    19   100.00
 496   15    0   90.00  81.82     9     10   11      0     15    15   100.00
 497   19    0   55.56  71.43    10     18   14      3     19    19   100.00
 498   15    0   92.86  81.25    13     14   16      0     15    15   100.00
 499   18    0   83.33  78.95    15     18   19      1     18    18   100.00
 500   17    0   92.31  85.71    12     13   14      0     17    17   100.00
 501   18    0  100.00 100.00    13     13   13      0     18    18   100.00
 502   17    0  100.00 100.00    15     15   15      0     17    17   100.00
 503   15    0  100.00 100.00    11     11   11      0     15    15   100.00
 504   18    0   83.33  88.24    15     18   17      1     18    18   100.00
 505   12    0   90.00  81.82     9     10   11      0     12    12   100.00
 506   20    0   76.92  76.92    10     13   13      0     20    20   100.00
 507   16    0   81.82  69.23     9     11   13      1     16    16   100.00
 508   16    0   92.31 100.00    12     13   12      0     16    16   100.00
 509   17    0   91.67  91.67    11     12   12      0     17    17   100.00
 510   17    0  100.00 100.00    13     13   13      0     17    17   100.00
 511   18    0   92.31  92.31    12     13   13      0     18    18   100.00
 512   17    0  100.00  90.91    10     10   11      0     17    17   100.00
 513   19    0  100.00  90.91    10     10   11      0     19    19   100.00
 514   16    0   83.33  76.92    10     12   13      0     16    16   100.00
 515   21    0   80.00  85.71    12     15   14      1     21    21   100.00
 516   21    0   90.48  90.48    19     21   21      0     21    21   100.00
 517   20    0   83.33  93.75    15     18   16      0     20    20   100.00
 518   19    0   81.25  92.86    13     16   14      0     19    19   100.00
 519   20    0   78.95  88.24    15     19   17      1     20    20   100.00
 520   21    0   88.89  88.89    16     18   18      1     21    21   100.00
 521   20    0   88.89  94.12    16     18   17      0     20    20   100.00
 522   19    0   93.75  88.24    15     16   17      0     19    19   100.00
 523   17    0   73.33  78.57    11     15   14      1     17    17   100.00
 524   17    0   50.00  75.00     6     12    8      2     17    17   100.00
 525   17    0  100.00 100.00    14     14   14      0     17    17   100.00
 526   19    0   93.75  93.75    15     16   16      0     19    19   100.00
 527   16    0   90.91  90.91    10     11   11      0     16    16   100.00
 528   17    0   66.67  80.00     8     12   10      0     17    17   100.00
 529   20    0   75.00  85.71    12     16   14      1     20    20   100.00
 530   18    0  100.00 100.00    15     15   15      0     18    18   100.00
 531   17    0   92.86  86.67    13     14   15      0     17    17   100.00
 532   23    0   91.67 100.00    22     24   22      0     23    23   100.00
 533   21    0   82.35  77.78    14     17   18      2     21    21   100.00
 534   25    0   76.19  84.21    16     21   19      1     25    25   100.00
 535   22    0  100.00  94.74    18     18   19      0     22    22   100.00
 536   22    0  100.00 100.00    14     14   14      0     22    22   100.00
 537   19    0   71.43  62.50    10     14   16      1     19    19   100.00
 538   23    0   84.62  84.62    11     13   13      0     23    23   100.00
 539   23    0   96.00 100.00    24     25   24      0     23    23   100.00
 540   21    0  100.00 100.00    15     15   15      0     21    21   100.00
 541   24    0   50.00  42.11     8     16   19      5     24    24   100.00
 542   22    0   93.75  93.75    15     16   16      1     22    22   100.00
 543   22    0  100.00 100.00    22     22   22      0     22    22   100.00
 544   23    0   79.17  79.17    19     24   24      3     23    23   100.00
 545   22    0  100.00 100.00    21     21   21      0     22    22   100.00
 546   25    0  100.00 100.00    22     22   22      0     25    25   100.00
 547   21    0   73.68  73.68    14     19   19      3     21    21   100.00
 548   22    0   92.86 100.00    13     14   13      0     22    22   100.00
 549   21    0   77.78  87.50    14     18   16      0     21    21   100.00
 550   23    0   92.86  81.25    13     14   16      0     23    23   100.00
 551   22    0  100.00 100.00    18     18   18      0     22    22   100.00
 552   24    0   71.43  62.50    10     14   16      3     24    24   100.00
 553   22    0   57.14  88.89     8     14    9      0     22    22   100.00
 554   19    0   50.00  40.00     6     12   15      4     19    19   100.00
 555   20    0   85.71  80.00    12     14   15      0     20    20   100.00
 556   23    0   52.63  58.82    10     19   17      3     23    23   100.00
 557   23    0   77.78  77.78    14     18   18      0     23    23   100.00
 558   23    0  100.00 100.00    21     21   21      0     23    23   100.00
 559   26    0   75.00  75.00    15     20   20      4     26    26   100.00
 560   24    0   86.36  95.00    19     22   20      0     24    24   100.00
 561   21    0   75.00  83.33    15     20   18      2     21    21   100.00
 562   23    0   61.11  64.71    11     18   17      3     23    23   100.00
 563   21    0   76.47  81.25    13     17   16      0     21    21   100.00
 564   24    0   38.10  80.00     8     21   10      1     24    24   100.00
 565   20    0   76.92  66.67    10     13   15      0     20    20   100.00
 566   22    0   76.47  76.47    13     17   17      2     22    22   100.00
 567   22    0   83.33  88.24    15     18   17      0     22    22   100.00
 568   25    0   88.89  84.21    16     18   19      0     25    25   100.00
 569   24    0   45.45  76.92    10     22   13      2     24    24   100.00
 570   23    0   78.95  78.95    15     19   19      3     23    23   100.00
 571   21    0  100.00 100.00    16     16   16      0     21    21   100.00
 572   21    0   73.68  77.78    14     19   18      2     21    21   100.00
 573   25    0  100.00  90.91    20     20   22      0     25    25   100.00
 574   20    0   83.33  88.24    15     18   17      0     20    20   100.00
 575   25    0   72.22  81.25    13     18   16      1     25    25   100.00
 576   23    0  100.00 100.00    22     22   22      0     23    23   100.00
 577   20    0  100.00  92.86    13     13   14      0     20    20   100.00
 578   23    0   40.91  56.25     9     22   16      4     23    23   100.00
 579   22    0   80.95  94.44    17     21   18      0     22    22   100.00
 580   25    0   85.71  81.82    18     21   22      0     25    25   100.00
 581   22    0   94.74 100.00    18     19   18      0     22    22   100.00
 582   21    0   81.25  92.86    13     16   14      1     21    21   100.00
 583   26    0   95.45 100.00    21     22   21      0     26    26   100.00
 584   22    0   65.22  78.95    15     23   19      3     22    22   100.00
 585   22    0  100.00 100.00    21     21   21      0     22    22   100.00
 586   24    0   43.75  50.00     7     16   14      1     24    24   100.00
 587   25    0  100.00 100.00    18     18   18      0     25    25   100.00
 588   25    0   72.22  81.25    13     18   16      2     25    25   100.00
 589   25    0   73.68  73.68    14     19   19      1     25    25   100.00
 590   22    0   82.35  77.78    14     17   18      2     22    22   100.00
 591   23    0   85.00  89.47    17     20   19      0     23    23   100.00
 592   22    0   61.90  68.42    13     21   19      6     22    22   100.00
 593   25    0   68.18  75.00    15     22   20      4     25    25   100.00
 594   23    0   86.67  86.67    13     15   15      1     23    23   100.00
 595   21    0   50.00  60.00     9     18   15      4     21    21   100.00
 596   21    0   90.00  81.82    18     20   22      3     21    21   100.00
 597   21    0   68.75  64.71    11     16   17      4     21    21   100.00
 598   21    0   95.00 100.00    19     20   19      0     21    21   100.00
 599   20    0   76.47  76.47    13     17   17      1     20    20   100.00
 600   22    0  100.00 100.00    18     18   18      0     22    22   100.00
 601   22    0   78.57  84.62    11     14   13      1     22    22   100.00
 602   24    0   95.45  95.45    21     22   22      0     24    24   100.00
 603   23    0   88.89  88.89    16     18   18      0     23    23   100.00
 604   20    0   85.71  92.31    12     14   13      0     20    20   100.00
 605   22    0   88.89 100.00    16     18   16      0     22    22   100.00
 606   22    0   89.47  89.47    17     19   19      1     22    22   100.00
 607   23    0   68.42  81.25    13     19   16      1     23    23   100.00
 608   25    0   85.71  90.00    18     21   20      1     25    25   100.00
 609   25    0   84.21  80.00    16     19   20      1     25    25   100.00
 610   16    0   81.25  92.86    13     16   14      0     16    16   100.00
 611   24    0   92.00  92.00    23     25   25      1     24    24   100.00
 612   22    0  100.00  94.74    18     18   19      0     22    22   100.00
 613   26    0  100.00 100.00    21     21   21      0     26    26   100.00
 614   21    0   75.00  78.95    15     20   19      3     21    21   100.00
 615   23    0  100.00 100.00    20     20   20      0     23    23   100.00
 616   20    0   87.50  93.33    14     16   15      0     20    20   100.00
 617   23    0   77.78  73.68    14     18   19      3     23    23   100.00
 618   24    0   76.19  76.19    16     21   21      3     24    24   100.00
 619   19    0   70.59  75.00    12     17   16      2     19    19   100.00
 620   22    0   89.47  89.47    17     19   19      0     22    22   100.00
 621   21    0   68.42 100.00    13     19   13      0     21    21   100.00
 622   26    0  100.00 100.00    20     20   20      0     26    26   100.00
 623   23    0  100.00  94.44    17     17   18      0     23    23   100.00
 624   24    0   88.89 100.00    16     18   16      0     24    24   100.00
 625   25    0  100.00 100.00    23     23   23      0     25    25   100.00
 626   21    0   68.42  76.47    13     19   17      3     21    21   100.00
 627   21    0   89.47  89.47    17     19   19      1     21    21   100.00
 628   24    0   90.48  95.00    19     21   20      1     24    24   100.00
 629   20    0   83.33  93.75    15     18   16      0     20    20   100.00
 630   21    0  100.00 100.00    16     16   16      0     21    21   100.00
 631   24    0   85.71  90.00    18     21   20      0     24    24   100.00
 632   22    0   77.27  80.95    17     22   21      2     22    22   100.00
 633   20    0   82.35  93.33    14     17   15      1     20    20   100.00
 634   22    0   89.47  89.47    17     19   19      0     22    22   100.00
 635   22    0   90.00 100.00    18     20   18      0     22    22   100.00
 636   24    0   69.57  76.19    16     23   21      4     24    24   100.00
 637   16    0   70.00  58.33     7     10   12      2     16    16   100.00
 638   19    0   60.00  60.00     9     15   15      0     19    19   100.00
 639   16    0  100.00 100.00    14     14   14      0     16    16   100.00
 640   17    0   50.00  53.85     7     14   13      4     17    17   100.00
 641   13    0  100.00 100.00    10     10   10      0     13    13   100.00
 642   21    0   35.29  60.00     6     17   10      2     21    21   100.00
 643   24    0   94.12 100.00    16     17   16      0     24    24   100.00
 644   16    0   64.29  90.00     9     14   10      0     16    16   100.00
 645   17    0  100.00 100.00    14     14   14      0     17    17   100.00
 646   19    0   77.78  93.33    14     18   15      1     19    19   100.00
 647   12    0   77.78  77.78     7      9    9      1     12    12   100.00
 648   20    0   93.75 100.00    15     16   15      0     20    20   100.00
 649   15    0  100.00 100.00    13     13   13      0     15    15   100.00
 650   13    0  100.00 100.00    10     10   10      0     13    13   100.00
 651   14    0  100.00 100.00     9      9    9      0     14    14   100.00
 652   18    0  100.00 100.00    17     17   17      0     18    18   100.00
 653   11    0   81.82  81.82     9     11   11      1     11    11   100.00
 654   22    0   76.19  76.19    16     21   21      1     22    22   100.00
 655   22    0  100.00 100.00    15     15   15      0     22    22   100.00
 656   12    0   90.00  90.00     9     10   10      0     12    12   100.00
 657   17    0   71.43  76.92    10     14   13      1     17    17   100.00
 658   26    0   94.12  84.21    16     17   19      0     26    26   100.00
 659   22    0  100.00 100.00    18     18   18      0     22    22   100.00
 660   23    0   65.00  72.22    13     20   18      2     23    23   100.00
 661   18    0   83.33  90.91    10     12   11      0     18    18   100.00
 662   13    0   90.91 100.00    10     11   10      0     13    13   100.00
 663   21    0   80.00  75.00    12     15   16      0     21    21   100.00
 664   15    0   77.78  87.50     7      9    8      0     15    15   100.00
 665   14    0   44.44  50.00     4      9    8      2     14    14   100.00
 666   15    0   78.57 100.00    11     14   11      0     15    15   100.00
 667   17    0  100.00 100.00    14     14   14      0     17    17   100.00
 668   14    0  100.00 100.00    10     10   10      0     14    14   100.00
 669   21    0   85.71  85.71    12     14   14      1     21    21   100.00
 670   14    0  100.00 100.00    12     12   12      0     14    14   100.00
 671   21    0   68.42  72.22    13     19   18      4     21    21   100.00
 672   21    0   81.25  86.67    13     16   15      0     21    21   100.00
 673   16    0  100.00 100.00    17     17   17      0     16    16   100.00
 674   12    0   90.91  90.91    10     11   11      0     12    12   100.00
 675   24    0   89.47  89.47    17     19   19      0     24    24   100.00
 676   13    0  100.00 100.00    12     12   12      0     13    13   100.00
 677   24    0   87.50  95.45    21     24   22      0     24    24   100.00
 678   15    0  100.00 100.00    12     12   12      0     15    15   100.00
 679   24    0   76.47  68.42    13     17   19      3     24    24   100.00
 680   23    0   89.47  94.44    17     19   18      0     23    23   100.00
 681   20    0   93.33 100.00    14     15   14      0     20    20   100.00
 682   12    0   60.00  85.71     6     10    7      0     12    12   100.00
 683   15    0   68.75  91.67    11     16   12      0     15    15   100.00
 684   17    0  100.00 100.00     9      9    9      0     17    17   100.00
 685   21    0   66.67  70.59    12     18   17      2     21    21   100.00
 686   13    0  100.00 100.00    11     11   11      0     13    13   100.00
 687   11    0  100.00 100.00     8      8    8      0     11    11   100.00
 688   23    0   70.00  77.78    14     20   18      0     23    23   100.00
 689   21    0   95.00  95.00    19     20   20      0     21    21   100.00
 690   12    0   81.82  75.00     9     11   12      0     12    12   100.00
 691   13    0  100.00  88.89     8      8    9      0     13    13   100.00
 692   21    0   80.00  92.31    12     15   13      0     21    21   100.00
 693   12    0   84.62  84.62    11     13   13      1     12    12   100.00
 694   17    0   63.64  50.00     7     11   14      2     17    17   100.00
 695   19    0   93.75 100.00    15     16   15      0     19    19   100.00
 696   16    0   92.86  92.86    13     14   14      0     16    16   100.00
 697   21    0   84.21  76.19    16     19   21      0     21    21   100.00
 698   25    0   87.50  91.30    21     24   23      1     25    25   100.00
 699   17    0  100.00 100.00    15     15   15      0     17    17   100.00
 700   18    0   46.15  60.00     6     13   10      2     18    18   100.00
 701   17    0   92.86 100.00    13     14   13      0     17    17   100.00
 702   21    0   77.27  73.91    17     22   23      2     21    21   100.00
 703   22    0  100.00  95.00    19     19   20      0     22    22   100.00
 704   17    0   93.33  93.33    14     15   15      0     17    17   100.00
 705   12    0  100.00 100.00     8      8    8      0     12    12   100.00
 706   17    0   94.12 100.00    16     17   16      0     17    17   100.00
 707   12    0  100.00 100.00     9      9    9      0     12    12   100.00
 708   17    0   86.67 100.00    13     15   13      0     17    17   100.00
 709   12    0   81.82  90.00     9     11   10      0     12    12   100.00
 710   11    0  100.00 100.00     7      7    7      0     11    11   100.00
 711   13    0  100.00 100.00    10     10   10      0     13    13   100.00
 712   12    0   75.00  85.71     6      8    7      0     12    12   100.00
 713   19    0   94.44  89.47    17     18   19      0     19    19   100.00
 714   21    0  100.00 100.00    18     18   18      0     21    21   100.00
 715   21    0  100.00 100.00    18     18   18      0     21    21   100.00
 716   23    0  100.00 100.00    21     21   21      0     23    23   100.00
 717   13    0   90.00  81.82     9     10   11      0     13    13   100.00
 718   23    0   88.89  84.21    16     18   19      1     23    23   100.00
 719   26    0   90.00  90.00    18     20   20      1     26    26   100.00
 720   13    0   73.33  84.62    11     15   13      1     13    13   100.00
 721   15    0   85.71  85.71    12     14   14      0     15    15   100.00
 722   13    0  100.00 100.00     9      9    9      0     13    13   100.00
 723   24    0   91.30  91.30    21     23   23      1     24    24   100.00
 724   17    0   82.35  87.50    14     17   16      1     17    17   100.00
 725   24    0   94.74  85.71    18     19   21      0     24    24   100.00
 726   16    0   61.54  88.89     8     13    9      0     16    16   100.00
 727   15    0  100.00  93.33    14     14   15      0     15    15   100.00
 728   13    0  100.00 100.00    10     10   10      0     13    13   100.00
 729   11    0  100.00 100.00    11     11   11      0     11    11   100.00
 730   17    0   86.67  86.67    13     15   15      1     17    17   100.00
 731   14    0   76.92  83.33    10     13   12      2     14    14   100.00
 732   24    0   64.71  64.71    11     17   17      3     24    24   100.00
 733   25    0   95.83 100.00    23     24   23      0     25    25   100.00
 734   21    0   78.57  73.33    11     14   15      1     21    21   100.00
 735   16    0  100.00 100.00    14     14   14      0     16    16   100.00
 736   13    0   72.73  66.67     8     11   12      2     13    13   100.00
 737   14    0  100.00 100.00    13     13   13      0     14    14   100.00
 738   24    0   95.45 100.00    21     22   21      0     24    24   100.00
 739   18    0  100.00 100.00    14     14   14      0     18    18   100.00
 740   11    0  100.00 100.00    11     11   11      0     11    11   100.00
 741   14    0   80.00  72.73     8     10   11      2     14    14   100.00
 742   24    0   72.73  76.19    16     22   21      3     24    24   100.00
 743   17    0  100.00  94.12    16     16   17      0     17    17   100.00
 744   19    0   93.75  93.75    15     16   16      0     19    19   100.00
 745   27    0   64.00  64.00    16     25   25      6     27    27   100.00
 746   11    0  100.00 100.00     9      9    9      0     11    11   100.00
 747   23    0  100.00 100.00    20     20   20      0     23    23   100.00
 748   24    0  100.00 100.00    24     24   24      0     24    24   100.00
 749   17    0  100.00 100.00    14     14   14      0     17    17   100.00
 750   14    0  100.00 100.00    11     11   11      0     14    14   100.00
 751   21    0   70.59  63.16    12     17   19      0     21    21   100.00
 752   17    0  100.00 100.00    12     12   12      0     17    17   100.00
 753   17    0  100.00 100.00    14     14   14      0     17    17   100.00
 754   11    0  100.00 100.00     9      9    9      0     11    11   100.00
 755   13    0   75.00  75.00     9     12   12      0     13    13   100.00
 756   22    0   92.86  92.86    13     14   14      0     22    22   100.00
 757   27    0   95.24  95.24    20     21   21      0     27    27   100.00
 758   29    0   74.07  71.43    20     27   28      4     29    29   100.00
 759   27    0   73.91  80.95    17     23   21      1     27    27   100.00
 760   27    0   53.33  53.33     8     15   15      2     27    27   100.00
 761   29    0   85.00  85.00    17     20   20      0     29    29   100.00
 762   25    0   64.71  64.71    11     17   17      4     25    25   100.00
 763   30    0   82.14  79.31    23     28   29      3     30    30   100.00
 764   27    0   95.83  95.83    23     24   24      0     27    27   100.00
 765   29    0   80.00  90.91    20     25   22      1     29    29   100.00
 766   25    0  100.00 100.00    23     23   23      0     25    25   100.00
 767   29    0   73.68  73.68    14     19   19      3     29    29   100.00
 768   25    0   81.25  92.86    13     16   14      0     25    25   100.00
 769   27    0   83.33  83.33    20     24   24      3     27    27   100.00
 770   27    0   75.00  70.59    12     16   17      2     27    27   100.00
 771   28    0   77.27  77.27    17     22   22      3     28    28   100.00
 772   30    0   86.36  90.48    19     22   21      0     30    30   100.00
 773   31    0   79.31  85.19    23     29   27      2     31    31   100.00
 774   27    0   66.67  73.68    14     21   19      2     27    27   100.00
 775   30    0   92.31  92.31    24     26   26      1     30    30   100.00
 776   27    0   84.21  88.89    16     19   18      0     27    27   100.00
 777   28    0   95.45  91.30    21     22   23      0     28    28   100.00
 778   27    0   56.52  56.52    13     23   23      7     27    27   100.00
 779   27    0   90.48  95.00    19     21   20      0     27    27   100.00
 780   13    0   75.00  75.00     9     12   12      2     13    13   100.00
 781   31    0   96.00 100.00    24     25   24      0     31    31   100.00
 782   29    0   85.71  90.00    18     21   20      0     29    29   100.00
 783   26    0   90.91  95.24    20     22   21      0     26    26   100.00
 784   28    0   77.27  80.95    17     22   21      2     28    28   100.00
 785   29    0  100.00  93.33    28     28   30      0     29    29   100.00
 786   28    0   85.71  85.71    18     21   21      0     28    28   100.00
 787   28    0   86.96  90.91    20     23   22      0     28    28   100.00
 788   30    0   84.00  84.00    21     25   25      0     30    30   100.00
 789   28    0   91.67  91.67    22     24   24      0     28    28   100.00
 790   26    0   86.96  86.96    20     23   23      1     26    26   100.00
 791   29    0  100.00 100.00    29     29   29      0     29    29   100.00
 792   27    0   65.00  65.00    13     20   20      3     27    27   100.00
 793   27    0   90.91  95.24    20     22   21      0     27    27   100.00
 794   28    0   80.00  83.33    20     25   24      3     28    28   100.00
 795   27    0   77.78  84.00    21     27   25      2     27    27   100.00
 796   30    0   80.00  83.33    20     25   24      1     30    30   100.00
 797   31    0   84.00  87.50    21     25   24      2     31    31   100.00
 798   27    0   81.82  90.00    18     22   20      0     27    27   100.00
 799   30    0   82.61  79.17    19     23   24      4     30    30   100.00
 800   28    0   90.00  90.00    18     20   20      2     28    28   100.00
 801   26    0   81.82  81.82    18     22   22      3     26    26   100.00
 802   23    0   73.68  77.78    14     19   18      1     23    23   100.00
 803   23    0   95.00 100.00    19     20   19      0     23    23   100.00
 804   25    0   95.24  90.91    20     21   22      0     25    25   100.00
 805   31    0   92.31 100.00    24     26   24      0     31    31   100.00
 806   29    0   83.33  83.33    20     24   24      1     29    29   100.00
 807   26    0   57.14  80.00    12     21   15      1     26    26   100.00
 808   27    0   91.30  95.45    21     23   22      0     27    27   100.00
 809   30    0   88.89  88.89    24     27   27      1     30    30   100.00
 810   26    0   90.91  90.91    20     22   22      0     26    26   100.00
 811   28    0  100.00  92.00    23     23   25      0     28    28   100.00
 812   26    0   75.00  81.82    18     24   22      2     26    26   100.00
 813   25    0   60.00  75.00    12     20   16      0     25    25   100.00
 814   27    0  100.00 100.00    24     24   24      0     27    27   100.00
 815   31    0   73.33  81.48    22     30   27      3     31    31   100.00
 816   27    0   80.00  84.21    16     20   19      2     27    27   100.00
 817   26    0   86.36  90.48    19     22   21      0     26    26   100.00
 818   23    0   52.94  64.29     9     17   14      3     23    23   100.00
 819   26    0   85.71  90.00    18     21   20      0     26    26   100.00
 820   28    0   65.00  68.42    13     20   19      3     28    28   100.00
 821   31    0  100.00 100.00    26     26   26      0     31    31   100.00
 822   29    0   84.00  91.30    21     25   23      1     29    29   100.00
 823   27    0   79.17  86.36    19     24   22      1     27    27   100.00
 824   31    0   86.21  83.33    25     29   30      0     31    31   100.00
 825   28    0   95.65  91.67    22     23   24      0     28    28   100.00
 826   28    0   83.33  74.07    20     24   27      4     28    28   100.00
 827   28    0   76.19  76.19    16     21   21      1     28    28   100.00
 828   24    0   68.42  76.47    13     19   17      2     24    24   100.00
 829   24    0   70.00  73.68    14     20   19      1     24    24   100.00
 830   30    0   88.89  92.31    24     27   26      0     30    30   100.00
 831   31    0   83.33  83.33    25     30   30      2     31    31   100.00
 832   32    0   75.86  88.00    22     29   25      1     32    32   100.00
 833   34    0   93.33 100.00    28     30   28      0     34    34   100.00
 834   35    0  100.00 100.00    26     26   26      0     35    35   100.00
 835   32    0   63.16  57.14    12     19   21      6     32    32   100.00
 836   33    0  100.00  82.76    24     24   29      0     33    33   100.00
 837   29    0   56.00  66.67    14     25   21      3     29    29   100.00
 838   30    0  100.00  95.83    23     23   24      0     30    30   100.00
 839   32    0   95.83  92.00    23     24   25      0     32    32   100.00
 840   31    0   45.83  47.83    11     24   23      9     31    31   100.00
 841   31    0   92.59 100.00    25     27   25      0     31    31   100.00
 842   35    0   79.31  82.14    23     29   28      2     35    35   100.00
 843   34    0   80.95  85.00    17     21   20      1     34    34   100.00
 844   31    0   90.00  93.10    27     30   29      0     31    31   100.00
 845   32    0   74.19  82.14    23     31   28      1     32    32   100.00
 846   34    0   70.97  75.86    22     31   29      6     34    34   100.00
 847   28    0   66.67  70.00    14     21   20      2     28    28   100.00
 848   31    0   50.00  57.14    12     24   21      6     31    31   100.00
 849   33    0   54.55  75.00    18     33   24      4     33    33   100.00
 850   34    0   90.91  90.91    30     33   33      0     34    34   100.00
 851   31    0   82.14  85.19    23     28   27      2     31    31   100.00
 852   34    0   82.76  92.31    24     29   26      0     34    34   100.00
 853   32    0   82.61  79.17    19     23   24      2     32    32   100.00
 854   33    0   64.29  66.67    18     28   27      5     33    33   100.00
 855   31    0   68.18  75.00    15     22   20      3     31    31   100.00
 856   30    0   86.96  90.91    20     23   22      0     30    30   100.00
 857   31    0   92.59  96.15    25     27   26      0     31    31   100.00
 858   24    0   86.67  81.25    13     15   16      0     24    24   100.00
 859   28    0  100.00 100.00    17     17   17      0     28    28   100.00
 860   31    0   85.71  92.31    24     28   26      0     31    31   100.00
 861   32    0   88.89  92.31    24     27   26      1     32    32   100.00
 862   30    0   95.65  91.67    22     23   24      2     30    30   100.00
 863   33    0   81.82  90.00    27     33   30      1     33    33   100.00
 864   18    0  100.00 100.00    13     13   13      0     18    18   100.00
 865   29    0  100.00 100.00    26     26   26      0     29    29   100.00
 866   34    0   43.33  41.94    13     30   31     13     34    34   100.00
 867   31    0   82.61  86.36    19     23   22      0     31    31   100.00
 868   32    0   75.00  78.26    18     24   23      3     32    32   100.00
 869   26    0   86.67 100.00    13     15   13      0     26    26   100.00
 870   29    0   80.77  87.50    21     26   24      2     29    29   100.00
 871   33    0   96.77  96.77    30     31   31      0     33    33   100.00
 872   30    0   81.82  85.71    18     22   21      0     30    30   100.00
 873   43    0  100.00 100.00    40     40   40      0     43    43   100.00
 874   38    0   72.73  77.42    24     33   31      1     38    38   100.00
 875   48    0   57.14  76.19    16     28   21      4     48    48   100.00
 876   39    0   81.25  86.67    26     32   30      0     39    39   100.00
 877   97    0   85.54  83.53    71     83   85      4     97    97   100.00
 878   55    0   95.45  95.45    42     44   44      0     55    55   100.00
 879   42    0   87.18  91.89    34     39   37      0     42    42   100.00
 880   49    0   83.33  88.24    30     36   34      2     49    49   100.00
 881   51    0   85.37  83.33    35     41   42      2     51    51   100.00
 882   39    0   75.00  77.78    21     28   27      1     39    39   100.00
 883   40    0   75.00  68.18    15     20   22      3     40    40   100.00
 884   42    0   96.43  93.10    27     28   29      0     42    42   100.00
 885   37    0   90.62  96.67    29     32   30      0     37    37   100.00
 886   35    0   96.43  87.10    27     28   31      3     35    35   100.00
 887   40    0   81.25  86.67    13     16   15      1     40    40   100.00
 888   35    0   65.38  65.38    17     26   26      2     35    35   100.00
 889   37    0   77.42  80.00    24     31   30      0     37    37   100.00
 890   36    0   70.00  84.00    21     30   25      2     36    36   100.00
 891   43    0   80.00  93.33    28     35   30      1     43    43   100.00
 892   88    0   54.84  60.71    34     62   56     10     88    88   100.00
 893   63    0   63.27  79.49    31     49   39      2     63    63   100.00
 894   36    0   83.33  76.92    10     12   13      0     36    36   100.00
 895   38    0   61.76  67.74    21     34   31      7     38    38   100.00
 896   37    0   78.12  86.21    25     32   29      3     37    37   100.00
 897   50    0   95.00  92.68    38     40   41      1     50    50   100.00
 898   54    0   85.37  87.50    35     41   40      3     54    54   100.00
 899   38    0   80.65  83.33    25     31   30      2     38    38   100.00
 900   39    0   66.67  64.29    18     27   28      7     39    39   100.00
 901   41    0   80.00  75.68    28     35   37      1     41    41   100.00
 902   48    0   67.65  65.71    23     34   35      6     48    48   100.00
 903   42    0   91.43  91.43    32     35   35      0     42    42   100.00
 904   56    0   85.71  85.71    36     42   42      1     56    56   100.00
 905   40    0   50.00  50.00    12     24   24      8     40    40   100.00
 906   67    0   84.91  86.54    45     53   52      2     67    67   100.00
 907   39    0   71.43  86.21    25     35   29      3     39    39   100.00
 908   36    0  100.00  93.55    29     29   31      0     36    36   100.00
 909   45    0   66.67  64.52    20     30   31      4     45    45   100.00
 910   39    0   83.78  86.11    31     37   36      0     39    39   100.00
 911   41    0   97.06  97.06    33     34   34      0     41    41   100.00
 912   42    0   85.71  93.75    30     35   32      0     42    42   100.00
 913   33    0   78.26  81.82    18     23   22      3     33    33   100.00
 914   39    0   96.97 100.00    32     33   32      0     39    39   100.00
 915   39    0   84.00  61.76    21     25   34      6     39    39   100.00
 916   37    0   91.43  94.12    32     35   34      0     37    37   100.00
 917   48    0   87.23  89.13    41     47   46      3     48    48   100.00
 918   37    0   84.85  90.32    28     33   31      1     37    37   100.00
 919   36    0   84.62  81.48    22     26   27      1     36    36   100.00
 920   40    0   55.56  64.52    20     36   31      7     40    40   100.00
 921   59    0   80.39  80.39    41     51   51      3     59    59   100.00
 922   35    0   77.78  77.78    21     27   27      2     35    35   100.00
 923   42    0   91.67  91.67    33     36   36      2     42    42   100.00
 924   36    0   83.33  83.33    25     30   30      1     36    36   100.00
 925   47    0   74.36  74.36    29     39   39      6     47    47   100.00
 926   34    0   68.00  73.91    17     25   23      3     34    34   100.00
 927   31    0   56.52  59.09    13     23   22      4     31    31   100.00
 928   42    0   88.57  93.94    31     35   33      2     42    42   100.00
 929   44    0   87.50  80.00    28     32   35      2     44    44   100.00
 930   71    0   76.56  80.33    49     64   61      6     71    71   100.00
 931   38    0   63.89  71.88    23     36   32      4     38    38   100.00
 932   34    0   70.00  77.78    21     30   27      2     34    34   100.00
 933   30    0   91.67  95.65    22     24   23      0     30    30   100.00
 934   34    0   85.19  88.46    23     27   26      1     34    34   100.00
 935   34    0   86.21  86.21    25     29   29      1     34    34   100.00
 936   31    0   92.86  89.66    26     28   29      0     31    31   100.00
 937   26    0   86.96  80.00    20     23   25      1     26    26   100.00
 938   28    0   78.26  81.82    18     23   22      3     28    28   100.00
 939   40    0  100.00 100.00    32     32   32      0     40    40   100.00
 940   43    0   86.49  86.49    32     37   37      0     43    43   100.00
 941   34    0   86.67  86.67    26     30   30      1     34    34   100.00
 942   39    0  100.00  97.30    36     36   37      0     39    39   100.00
 943   39    0   84.38  84.38    27     32   32      1     39    39   100.00
 944   39    0   80.00  87.50    28     35   32      2     39    39   100.00
 945   65    0   84.91  83.33    45     53   54      5     65    65   100.00
 946   26    0   72.22  81.25    13     18   16      0     26    26   100.00
 947   56    0   85.11  90.91    40     47   44      2     56    56   100.00
 948   36    0   76.00  76.00    19     25   25      4     36    36   100.00
 949   30    0   96.00  92.31    24     25   26      0     30    30   100.00
 950   35    0   71.43  66.67    20     28   30      7     35    35   100.00
 951   26    0   91.30  91.30    21     23   23      0     26    26   100.00
 952   33    0   84.62  84.62    22     26   26      2     33    33   100.00
 953   29    0  100.00  95.83    23     23   24      0     29    29   100.00
 954   49    0   90.00  94.74    36     40   38      0     49    49   100.00
 955   39    0   86.11  88.57    31     36   35      1     39    39   100.00
 956   36    0   48.48  57.14    16     33   28      9     36    36   100.00
 957   33    0   89.66  92.86    26     29   28      0     33    33   100.00
 958   44    0   65.00  72.22    26     40   36      6     44    44   100.00
 959   33    0   64.29  66.67    18     28   27      6     33    33   100.00
 960   31    0   92.59  89.29    25     27   28      0     31    31   100.00
 961   27    0   89.47  85.00    17     19   20      0     27    27   100.00
 962   36    0   93.10  96.43    27     29   28      0     36    36   100.00
 963   32    0   67.74  70.00    21     31   30      6     32    32   100.00
 964   30    0  100.00  96.15    25     25   26      0     30    30   100.00
 965   29    0   57.69  65.22    15     26   23      4     29    29   100.00
 966   26    0   94.44  94.44    17     18   18      0     26    26   100.00
 967   31    0   84.00  80.77    21     25   26      3     31    31   100.00
 968   28    0   77.78  87.50    21     27   24      0     28    28   100.00
 969   30    0   86.36  82.61    19     22   23      1     30    30   100.00
 970   26    0   95.00  90.48    19     20   21      1     26    26   100.00
 971   37    0   67.65  85.19    23     34   27      1     37    37   100.00
 972   26    0   83.33  83.33    15     18   18      1     26    26   100.00
 973   32    0   75.00  91.30    21     28   23      0     32    32   100.00
============================================================================
                 84.19  86.34  12584 14948 14575    766  18467 18467   100.00
=== Summary ===

-- All --
Number of sentence        =    973
Number of Error sentence  =      0
Number of Skip  sentence  =      0
Number of Valid sentence  =    973
Bracketing Recall         =  84.19
Bracketing Precision      =  86.34
Bracketing FMeasure       =  85.25
Complete match            =  32.37
Average crossing          =   0.79
No crossing               =  66.80
2 or less crossing        =  88.80
Tagging accuracy          = 100.00

-- len<=40 --
Number of sentence        =    940
Number of Error sentence  =      0
Number of Skip  sentence  =      0
Number of Valid sentence  =    940
Bracketing Recall         =  84.38
Bracketing Precision      =  86.51
Bracketing FMeasure       =  85.44
Complete match            =  33.40
Average crossing          =   0.73
No crossing               =  68.19
2 or less crossing        =  89.68
Tagging accuracy          = 100.00
