  Sent.                        Matched  Bracket   Cross        Correct Tag
 ID  Len.  Stat. Recal  Prec.  Bracket gold test Bracket Words  Tags Accracy
============================================================================
   1   22    0   71.43  76.92    10     14   13      1     22    22   100.00
   2   27    0   66.67  77.78    14     21   18      3     27    27   100.00
   3   29    0   74.07 100.00    20     27   20      0     29    29   100.00
   4   27    0   82.61  90.48    19     23   21      1     27    27   100.00
   5   27    0   86.67  76.47    13     15   17      2     27    27   100.00
   6   29    0   75.00  83.33    15     20   18      1     29    29   100.00
   7   25    0   64.71  73.33    11     17   15      2     25    25   100.00
   8   30    0   82.14  88.46    23     28   26      0     30    30   100.00
   9   27    0   95.83  95.83    23     24   24      0     27    27   100.00
  10   29    0   84.00  80.77    21     25   26      1     29    29   100.00
  11   25    0   73.91  80.95    17     23   21      2     25    25   100.00
  12   29    0   36.84  41.18     7     19   17      6     29    29   100.00
  13   25    0   75.00  80.00    12     16   15      1     25    25   100.00
  14   27    0   91.67  95.65    22     24   23      0     27    27   100.00
  15   27    0   93.75  88.24    15     16   17      1     27    27   100.00
  16   28    0   77.27  73.91    17     22   23      4     28    28   100.00
  17   30    0   86.36  90.48    19     22   21      0     30    30   100.00
  18   31    0   82.76  88.89    24     29   27      3     31    31   100.00
  19   27    0   52.38  78.57    11     21   14      2     27    27   100.00
  20   30    0   96.15  96.15    25     26   26      1     30    30   100.00
  21   27    0   52.63  58.82    10     19   17      4     27    27   100.00
  22   28    0   95.45  87.50    21     22   24      0     28    28   100.00
  23   27    0   73.91  85.00    17     23   20      3     27    27   100.00
  24   27    0   90.48  95.00    19     21   20      0     27    27   100.00
  25   13    0   75.00  75.00     9     12   12      2     13    13   100.00
  26   31    0   92.00  92.00    23     25   25      1     31    31   100.00
  27   29    0   85.71  81.82    18     21   22      1     29    29   100.00
  28   26    0   77.27  80.95    17     22   21      0     26    26   100.00
  29   28    0   90.91  95.24    20     22   21      0     28    28   100.00
  30   29    0   96.43  93.10    27     28   29      0     29    29   100.00
  31   28    0   76.19  76.19    16     21   21      2     28    28   100.00
  32   28    0   86.96 100.00    20     23   20      0     28    28   100.00
  33   30    0   96.00  85.71    24     25   28      0     30    30   100.00
  34   28    0   91.67  91.67    22     24   24      0     28    28   100.00
  35   26    0   86.96  90.91    20     23   22      1     26    26   100.00
  36   29    0   82.76  88.89    24     29   27      1     29    29   100.00
  37   27    0   85.00  89.47    17     20   19      1     27    27   100.00
  38   27    0   86.36  86.36    19     22   22      1     27    27   100.00
  39   28    0   84.00  87.50    21     25   24      1     28    28   100.00
  40   27    0   70.37  90.48    19     27   21      2     27    27   100.00
  41   30    0   76.00  79.17    19     25   24      2     30    30   100.00
  42   31    0   92.00  92.00    23     25   25      0     31    31   100.00
  43   27    0   90.91  90.91    20     22   22      0     27    27   100.00
  44   30    0   39.13  64.29     9     23   14      3     30    30   100.00
  45   28    0   80.00  84.21    16     20   19      0     28    28   100.00
  46   26    0   68.18  65.22    15     22   23      3     26    26   100.00
  47   23    0   63.16  85.71    12     19   14      2     23    23   100.00
  48   23    0   85.00  89.47    17     20   19      2     23    23   100.00
  49   25    0   90.48  79.17    19     21   24      0     25    25   100.00
  50   31    0   84.62  95.65    22     26   23      0     31    31   100.00
  51   29    0   83.33  90.91    20     24   22      0     29    29   100.00
  52   26    0   66.67  87.50    14     21   16      1     26    26   100.00
  53   27    0   91.30  91.30    21     23   23      0     27    27   100.00
  54   30    0   92.59  92.59    25     27   27      1     30    30   100.00
  55   26    0  100.00 100.00    22     22   22      0     26    26   100.00
  56   28    0  100.00 100.00    23     23   23      0     28    28   100.00
  57   26    0   87.50  91.30    21     24   23      0     26    26   100.00
  58   25    0   85.00  89.47    17     20   19      0     25    25   100.00
  59   27    0   95.83 100.00    23     24   23      0     27    27   100.00
  60   31    0   83.33  83.33    25     30   30      5     31    31   100.00
  61   27    0   45.00  64.29     9     20   14      4     27    27   100.00
  62   26    0   77.27  73.91    17     22   23      3     26    26   100.00
  63   23    0   76.47  92.86    13     17   14      1     23    23   100.00
  64   26    0   90.48  90.48    19     21   21      0     26    26   100.00
  65   28    0   80.00  80.00    16     20   20      1     28    28   100.00
  66   31    0   88.46  92.00    23     26   25      0     31    31   100.00
  67   29    0   92.00  92.00    23     25   25      0     29    29   100.00
  68   27    0   29.17  41.18     7     24   17      6     27    27   100.00
  69   31    0   89.66  86.67    26     29   30      0     31    31   100.00
  70   28    0   91.30  95.45    21     23   22      0     28    28   100.00
  71   28    0   79.17  79.17    19     24   24      1     28    28   100.00
  72   28    0   76.19  80.00    16     21   20      1     28    28   100.00
  73   24    0   68.42  76.47    13     19   17      2     24    24   100.00
  74   24    0   70.00  77.78    14     20   18      3     24    24   100.00
  75   30    0   77.78  84.00    21     27   25      2     30    30   100.00
  76   31    0   80.00  80.00    24     30   30      3     31    31   100.00
  77   32    0   82.76  88.89    24     29   27      0     32    32   100.00
  78   34    0   86.67  96.30    26     30   27      1     34    34   100.00
  79   35    0   92.31 100.00    24     26   24      0     35    35   100.00
  80   32    0   52.63  52.63    10     19   19      4     32    32   100.00
  81   33    0   91.67  88.00    22     24   25      0     33    33   100.00
  82   29    0   44.00  57.89    11     25   19      6     29    29   100.00
  83   30    0   82.61  90.48    19     23   21      0     30    30   100.00
  84   32    0  100.00  96.00    24     24   25      0     32    32   100.00
  85   31    0   62.50  75.00    15     24   20      5     31    31   100.00
  86   31    0  100.00 100.00    27     27   27      0     31    31   100.00
  87   35    0   75.86  78.57    22     29   28      1     35    35   100.00
  88   34    0   85.71  90.00    18     21   20      1     34    34   100.00
  89   31    0   86.67  89.66    26     30   29      0     31    31   100.00
  90   32    0   74.19  82.14    23     31   28      1     32    32   100.00
  91   34    0   64.52  83.33    20     31   24      4     34    34   100.00
  92   28    0   52.38  61.11    11     21   18      1     28    28   100.00
  93   31    0   79.17  86.36    19     24   22      0     31    31   100.00
  94   33    0   72.73  77.42    24     33   31      4     33    33   100.00
  95   34    0   87.88  93.55    29     33   31      0     34    34   100.00
  96   31    0   67.86  82.61    19     28   23      3     31    31   100.00
  97   34    0   79.31  92.00    23     29   25      0     34    34   100.00
  98   32    0   86.96  86.96    20     23   23      1     32    32   100.00
  99   33    0   82.14  79.31    23     28   29      2     33    33   100.00
 100   31    0   72.73  94.12    16     22   17      1     31    31   100.00
 101   30    0   78.26  94.74    18     23   19      0     30    30   100.00
 102   31    0   81.48  84.62    22     27   26      1     31    31   100.00
 103   24    0   86.67  86.67    13     15   15      0     24    24   100.00
 104   28    0   82.35  87.50    14     17   16      1     28    28   100.00
 105   31    0   71.43  68.97    20     28   29      5     31    31   100.00
 106   32    0   92.59  92.59    25     27   27      1     32    32   100.00
 107   30    0   95.65  95.65    22     23   23      1     30    30   100.00
 108   33    0   87.88  90.62    29     33   32      0     33    33   100.00
 109   18    0   69.23  64.29     9     13   14      3     18    18   100.00
 110   29    0   92.31 100.00    24     26   24      0     29    29   100.00
 111   34    0   53.33  64.00    16     30   25      6     34    34   100.00
 112   31    0   86.96  90.91    20     23   22      1     31    31   100.00
 113   32    0   79.17  90.48    19     24   21      2     32    32   100.00
 114   26    0  100.00  93.75    15     15   16      0     26    26   100.00
 115   29    0   73.08  82.61    19     26   23      3     29    29   100.00
 116   33    0   77.42  80.00    24     31   30      3     33    33   100.00
 117   30    0   90.91  90.91    20     22   22      0     30    30   100.00
 118   43    0   85.00  94.44    34     40   36      1     43    43   100.00
 119   38    0   81.82  87.10    27     33   31      1     38    38   100.00
 120   48    0   64.29  94.74    18     28   19      0     48    48   100.00
 121   39    0   78.12  86.21    25     32   29      0     39    39   100.00
 122   97    0   79.52  82.50    66     83   80      6     97    97   100.00
 123   55    0   79.55  77.78    35     44   45      4     55    55   100.00
 124   42    0   92.31  90.00    36     39   40      0     42    42   100.00
 125   49    0   66.67  66.67    24     36   36      9     49    49   100.00
 126   51    0   82.93  89.47    34     41   38      3     51    51   100.00
 127   39    0   71.43  71.43    20     28   28      5     39    39   100.00
 128   40    0   85.00  85.00    17     20   20      2     40    40   100.00
 129   42    0   71.43  90.91    20     28   22      0     42    42   100.00
 130   37    0   65.62  84.00    21     32   25      3     37    37   100.00
 131   35    0   64.29  66.67    18     28   27      5     35    35   100.00
 132   40    0   68.75  61.11    11     16   18      2     40    40   100.00
 133   35    0   69.23  64.29    18     26   28      5     35    35   100.00
 134   37    0   83.87  92.86    26     31   28      0     37    37   100.00
 135   36    0   76.67  79.31    23     30   29      3     36    36   100.00
 136   43    0   65.71  69.70    23     35   33      7     43    43   100.00
 137   88    0   50.00  60.78    31     62   51     11     88    88   100.00
 138   63    0   77.55  76.00    38     49   50      5     63    63   100.00
 139   36    0   83.33  66.67    10     12   15      1     36    36   100.00
 140   38    0   52.94  54.55    18     34   33      9     38    38   100.00
 141   37    0   68.75  75.86    22     32   29      5     37    37   100.00
 142   50    0   92.50  94.87    37     40   39      0     50    50   100.00
 143   54    0   75.61  79.49    31     41   39      4     54    54   100.00
 144   38    0   70.97  70.97    22     31   31      6     38    38   100.00
 145   39    0   70.37  76.00    19     27   25      5     39    39   100.00
 146   41    0   85.71  76.92    30     35   39      1     41    41   100.00
 147   48    0   76.47  78.79    26     34   33      4     48    48   100.00
 148   42    0   80.00  71.79    28     35   39      5     42    42   100.00
 149   56    0   88.10  86.05    37     42   43      1     56    56   100.00
 150   40    0   37.50  56.25     9     24   16      6     40    40   100.00
 151   67    0   88.68  85.45    47     53   55      1     67    67   100.00
 152   39    0   71.43  80.65    25     35   31      4     39    39   100.00
 153   36    0   86.21  89.29    25     29   28      2     36    36   100.00
 154   45    0   63.33  63.33    19     30   30      5     45    45   100.00
 155   39    0   91.89  89.47    34     37   38      0     39    39   100.00
 156   41    0   94.12  96.97    32     34   33      0     41    41   100.00
 157   42    0   80.00  82.35    28     35   34      2     42    42   100.00
 158   33    0   26.09  42.86     6     23   14      7     33    33   100.00
 159   39    0   90.91  96.77    30     33   31      1     39    39   100.00
 160   39    0   64.00  59.26    16     25   27      5     39    39   100.00
 161   37    0   85.71  83.33    30     35   36      3     37    37   100.00
 162   48    0   87.23  91.11    41     47   45      3     48    48   100.00
 163   37    0   81.82  90.00    27     33   30      1     37    37   100.00
 164   36    0   80.77  80.77    21     26   26      2     36    36   100.00
 165   40    0   77.78  82.35    28     36   34      3     40    40   100.00
 166   59    0   80.39  80.39    41     51   51      7     59    59   100.00
 167   35    0   74.07  86.96    20     27   23      1     35    35   100.00
 168   42    0   77.78  82.35    28     36   34      4     42    42   100.00
 169   36    0   93.33  87.50    28     30   32      2     36    36   100.00
 170   47    0   71.79  75.68    28     39   37      5     47    47   100.00
 171   34    0   24.00  50.00     6     25   12      5     34    34   100.00
 172   31    0   30.43  70.00     7     23   10      1     31    31   100.00
 173   42    0   74.29  83.87    26     35   31      2     42    42   100.00
 174   44    0   78.12  75.76    25     32   33      3     44    44   100.00
 175   71    0   70.31  80.36    45     64   56      6     71    71   100.00
 176   38    0   86.11  88.57    31     36   35      2     38    38   100.00
 177   34    0   73.33  81.48    22     30   27      2     34    34   100.00
 178   30    0   87.50 100.00    21     24   21      0     30    30   100.00
 179   34    0   77.78  77.78    21     27   27      2     34    34   100.00
 180   34    0   93.10 100.00    27     29   27      0     34    34   100.00
 181   31    0  100.00 100.00    28     28   28      0     31    31   100.00
 182   26    0   78.26  78.26    18     23   23      2     26    26   100.00
 183   28    0   56.52  65.00    13     23   20      4     28    28   100.00
 184   40    0   84.38  79.41    27     32   34      2     40    40   100.00
 185   43    0   70.27  74.29    26     37   35      6     43    43   100.00
 186   34    0   80.00  82.76    24     30   29      1     34    34   100.00
 187   39    0   91.67  94.29    33     36   35      1     39    39   100.00
 188   39    0   87.50  93.33    28     32   30      1     39    39   100.00
 189   39    0   82.86  93.55    29     35   31      1     39    39   100.00
 190   65    0   83.02  84.62    44     53   52      3     65    65   100.00
 191   26    0   72.22  76.47    13     18   17      1     26    26   100.00
 192   56    0   65.96  65.96    31     47   47      9     56    56   100.00
 193   36    0   76.00  86.36    19     25   22      3     36    36   100.00
 194   30    0   84.00  87.50    21     25   24      1     30    30   100.00
 195   35    0   64.29  62.07    18     28   29      5     35    35   100.00
 196   26    0   86.96  95.24    20     23   21      0     26    26   100.00
 197   33    0   73.08  76.00    19     26   25      4     33    33   100.00
 198   29    0   95.65  95.65    22     23   23      0     29    29   100.00
 199   49    0   85.00  97.14    34     40   35      0     49    49   100.00
 200   39    0   75.00  84.38    27     36   32      2     39    39   100.00
 201   36    0   54.55  58.06    18     33   31     10     36    36   100.00
 202   33    0   72.41  70.00    21     29   30      5     33    33   100.00
 203   44    0   77.50  79.49    31     40   39      2     44    44   100.00
 204   33    0   60.71  70.83    17     28   24      4     33    33   100.00
 205   31    0   88.89  92.31    24     27   26      0     31    31   100.00
 206   27    0   84.21  88.89    16     19   18      1     27    27   100.00
 207   36    0   93.10  96.43    27     29   28      0     36    36   100.00
 208   32    0   77.42  85.71    24     31   28      1     32    32   100.00
 209   30    0   92.00  95.83    23     25   24      0     30    30   100.00
 210   29    0   53.85  60.87    14     26   23      5     29    29   100.00
 211   26    0  100.00 100.00    18     18   18      0     26    26   100.00
 212   31    0   76.00  82.61    19     25   23      2     31    31   100.00
 213   28    0   66.67  72.00    18     27   25      2     28    28   100.00
 214   30    0   50.00  52.38    11     22   21      9     30    30   100.00
 215   26    0   45.00  56.25     9     20   16      5     26    26   100.00
 216   37    0   67.65  71.88    23     34   32      4     37    37   100.00
 217   26    0   83.33  88.24    15     18   17      1     26    26   100.00
 218   32    0   92.86  92.86    26     28   28      0     32    32   100.00
============================================================================
                 78.03  82.79   4696  6018  5672    456   7412  7412   100.00
=== Summary ===

-- All --
Number of sentence        =    218
Number of Error sentence  =      0
Number of Skip  sentence  =      0
Number of Valid sentence  =    218
Bracketing Recall         =  78.03
Bracketing Precision      =  82.79
Bracketing FMeasure       =  80.34
Complete match            =   2.29
Average crossing          =   2.09
No crossing               =  29.82
2 or less crossing        =  66.97
Tagging accuracy          = 100.00

-- len<=100 --
Number of sentence        =    218
Number of Error sentence  =      0
Number of Skip  sentence  =      0
Number of Valid sentence  =    218
Bracketing Recall         =  78.03
Bracketing Precision      =  82.79
Bracketing FMeasure       =  80.34
Complete match            =   2.29
Average crossing          =   2.09
No crossing               =  29.82
2 or less crossing        =  66.97
Tagging accuracy          = 100.00
