  Sent.                        Matched  Bracket   Cross        Correct Tag
 ID  Len.  Stat. Recal  Prec.  Bracket gold test Bracket Words  Tags Accracy
============================================================================
   1   22    0  100.00 100.00    14     14   14      0     22    22   100.00
   2   27    0   95.24  95.24    20     21   21      0     27    27   100.00
   3   29    0   74.07  71.43    20     27   28      4     29    29   100.00
   4   27    0   73.91  80.95    17     23   21      1     27    27   100.00
   5   27    0   60.00  60.00     9     15   15      2     27    27   100.00
   6   29    0   95.00  95.00    19     20   20      0     29    29   100.00
   7   25    0   70.59  70.59    12     17   17      4     25    25   100.00
   8   30    0   82.14  79.31    23     28   29      3     30    30   100.00
   9   27    0   95.83  95.83    23     24   24      0     27    27   100.00
  10   29    0   84.00  95.45    21     25   22      1     29    29   100.00
  11   25    0  100.00 100.00    23     23   23      0     25    25   100.00
  12   29    0   73.68  73.68    14     19   19      3     29    29   100.00
  13   25    0   87.50 100.00    14     16   14      0     25    25   100.00
  14   27    0   83.33  83.33    20     24   24      3     27    27   100.00
  15   27    0   75.00  70.59    12     16   17      2     27    27   100.00
  16   28    0   77.27  77.27    17     22   22      3     28    28   100.00
  17   30    0   90.91  95.24    20     22   21      0     30    30   100.00
  18   31    0   79.31  85.19    23     29   27      2     31    31   100.00
  19   27    0   71.43  78.95    15     21   19      2     27    27   100.00
  20   30    0   92.31  92.31    24     26   26      1     30    30   100.00
  21   27    0   89.47  94.44    17     19   18      0     27    27   100.00
  22   28    0   95.45  91.30    21     22   23      0     28    28   100.00
  23   27    0   56.52  56.52    13     23   23      7     27    27   100.00
  24   27    0   90.48  95.00    19     21   20      0     27    27   100.00
  25   13    0   75.00  75.00     9     12   12      2     13    13   100.00
  26   31    0   96.00 100.00    24     25   24      0     31    31   100.00
  27   29    0   85.71  90.00    18     21   20      0     29    29   100.00
  28   26    0   95.45 100.00    21     22   21      0     26    26   100.00
  29   28    0   86.36  90.48    19     22   21      2     28    28   100.00
  30   29    0  100.00  93.33    28     28   30      0     29    29   100.00
  31   28    0   90.48  90.48    19     21   21      0     28    28   100.00
  32   28    0   91.30  95.45    21     23   22      0     28    28   100.00
  33   30    0   92.00  92.00    23     25   25      0     30    30   100.00
  34   28    0   95.83  95.83    23     24   24      0     28    28   100.00
  35   26    0   86.96  86.96    20     23   23      1     26    26   100.00
  36   29    0  100.00 100.00    29     29   29      0     29    29   100.00
  37   27    0   65.00  65.00    13     20   20      3     27    27   100.00
  38   27    0   90.91  95.24    20     22   21      0     27    27   100.00
  39   28    0   80.00  83.33    20     25   24      3     28    28   100.00
  40   27    0   77.78  84.00    21     27   25      2     27    27   100.00
  41   30    0   80.00  83.33    20     25   24      1     30    30   100.00
  42   31    0   84.00  87.50    21     25   24      2     31    31   100.00
  43   27    0   86.36  95.00    19     22   20      0     27    27   100.00
  44   30    0   82.61  79.17    19     23   24      4     30    30   100.00
  45   28    0   90.00  90.00    18     20   20      2     28    28   100.00
  46   26    0   81.82  81.82    18     22   22      3     26    26   100.00
  47   23    0   78.95  83.33    15     19   18      1     23    23   100.00
  48   23    0   95.00 100.00    19     20   19      0     23    23   100.00
  49   25    0  100.00  95.45    21     21   22      0     25    25   100.00
  50   31    0   92.31 100.00    24     26   24      0     31    31   100.00
  51   29    0   83.33  83.33    20     24   24      1     29    29   100.00
  52   26    0   61.90  86.67    13     21   15      1     26    26   100.00
  53   27    0   91.30  95.45    21     23   22      0     27    27   100.00
  54   30    0   88.89  88.89    24     27   27      1     30    30   100.00
  55   26    0   90.91  90.91    20     22   22      0     26    26   100.00
  56   28    0  100.00  92.00    23     23   25      0     28    28   100.00
  57   26    0   75.00  81.82    18     24   22      2     26    26   100.00
  58   25    0   60.00  75.00    12     20   16      0     25    25   100.00
  59   27    0  100.00 100.00    24     24   24      0     27    27   100.00
  60   31    0   76.67  85.19    23     30   27      3     31    31   100.00
  61   27    0   80.00  84.21    16     20   19      2     27    27   100.00
  62   26    0   90.91  95.24    20     22   21      0     26    26   100.00
  63   23    0   52.94  64.29     9     17   14      3     23    23   100.00
  64   26    0   90.48  95.00    19     21   20      0     26    26   100.00
  65   28    0   70.00  73.68    14     20   19      3     28    28   100.00
  66   31    0  100.00 100.00    26     26   26      0     31    31   100.00
  67   29    0   84.00  91.30    21     25   23      1     29    29   100.00
  68   27    0   79.17  86.36    19     24   22      1     27    27   100.00
  69   31    0   86.21  83.33    25     29   30      0     31    31   100.00
  70   28    0   95.65  91.67    22     23   24      0     28    28   100.00
  71   28    0   83.33  74.07    20     24   27      4     28    28   100.00
  72   28    0   76.19  76.19    16     21   21      1     28    28   100.00
  73   24    0   68.42  76.47    13     19   17      2     24    24   100.00
  74   24    0   75.00  78.95    15     20   19      1     24    24   100.00
  75   30    0   88.89  92.31    24     27   26      0     30    30   100.00
  76   31    0   83.33  83.33    25     30   30      2     31    31   100.00
  77   32    0   79.31  92.00    23     29   25      1     32    32   100.00
  78   34    0   93.33 100.00    28     30   28      0     34    34   100.00
  79   35    0  100.00 100.00    26     26   26      0     35    35   100.00
  80   32    0   63.16  57.14    12     19   21      6     32    32   100.00
  81   33    0  100.00  82.76    24     24   29      0     33    33   100.00
  82   29    0   68.00  80.95    17     25   21      3     29    29   100.00
  83   30    0  100.00  95.83    23     23   24      0     30    30   100.00
  84   32    0  100.00  96.00    24     24   25      0     32    32   100.00
  85   31    0   45.83  47.83    11     24   23      9     31    31   100.00
  86   31    0   92.59 100.00    25     27   25      0     31    31   100.00
  87   35    0   79.31  82.14    23     29   28      2     35    35   100.00
  88   34    0   85.71  90.00    18     21   20      1     34    34   100.00
  89   31    0   90.00  93.10    27     30   29      0     31    31   100.00
  90   32    0   74.19  82.14    23     31   28      1     32    32   100.00
  91   34    0   70.97  75.86    22     31   29      6     34    34   100.00
  92   28    0   71.43  75.00    15     21   20      2     28    28   100.00
  93   31    0   58.33  66.67    14     24   21      6     31    31   100.00
  94   33    0   57.58  79.17    19     33   24      4     33    33   100.00
  95   34    0   90.91  90.91    30     33   33      0     34    34   100.00
  96   31    0   82.14  85.19    23     28   27      2     31    31   100.00
  97   34    0   82.76  92.31    24     29   26      0     34    34   100.00
  98   32    0   82.61  79.17    19     23   24      2     32    32   100.00
  99   33    0   67.86  70.37    19     28   27      5     33    33   100.00
 100   31    0   72.73  80.00    16     22   20      3     31    31   100.00
 101   30    0   86.96  90.91    20     23   22      0     30    30   100.00
 102   31    0   92.59  96.15    25     27   26      0     31    31   100.00
 103   24    0   86.67  81.25    13     15   16      0     24    24   100.00
 104   28    0  100.00 100.00    17     17   17      0     28    28   100.00
 105   31    0   85.71  92.31    24     28   26      0     31    31   100.00
 106   32    0   88.89  92.31    24     27   26      1     32    32   100.00
 107   30    0   95.65  91.67    22     23   24      2     30    30   100.00
 108   33    0   81.82  90.00    27     33   30      1     33    33   100.00
 109   18    0  100.00 100.00    13     13   13      0     18    18   100.00
 110   29    0  100.00 100.00    26     26   26      0     29    29   100.00
 111   34    0   43.33  41.94    13     30   31     13     34    34   100.00
 112   31    0   91.30  95.45    21     23   22      0     31    31   100.00
 113   32    0   75.00  78.26    18     24   23      3     32    32   100.00
 114   26    0   86.67 100.00    13     15   13      0     26    26   100.00
 115   29    0   80.77  87.50    21     26   24      2     29    29   100.00
 116   33    0   96.77  96.77    30     31   31      0     33    33   100.00
 117   30    0   86.36  90.48    19     22   21      0     30    30   100.00
 118   43    0  100.00 100.00    40     40   40      0     43    43   100.00
 119   38    0   75.76  80.65    25     33   31      1     38    38   100.00
 120   48    0   60.71  80.95    17     28   21      4     48    48   100.00
 121   39    0   81.25  86.67    26     32   30      0     39    39   100.00
 122   97    0   86.75  84.71    72     83   85      4     97    97   100.00
 123   55    0   95.45  95.45    42     44   44      0     55    55   100.00
 124   42    0   87.18  91.89    34     39   37      0     42    42   100.00
 125   49    0   83.33  88.24    30     36   34      2     49    49   100.00
 126   51    0   87.80  85.71    36     41   42      2     51    51   100.00
 127   39    0   75.00  77.78    21     28   27      1     39    39   100.00
 128   40    0   75.00  68.18    15     20   22      3     40    40   100.00
 129   42    0   96.43  93.10    27     28   29      0     42    42   100.00
 130   37    0   90.62  96.67    29     32   30      0     37    37   100.00
 131   35    0   96.43  87.10    27     28   31      3     35    35   100.00
 132   40    0   81.25  86.67    13     16   15      1     40    40   100.00
 133   35    0   73.08  73.08    19     26   26      2     35    35   100.00
 134   37    0   87.10  90.00    27     31   30      0     37    37   100.00
 135   36    0   73.33  88.00    22     30   25      2     36    36   100.00
 136   43    0   80.00  93.33    28     35   30      1     43    43   100.00
 137   88    0   56.45  62.50    35     62   56     10     88    88   100.00
 138   63    0   69.39  87.18    34     49   39      2     63    63   100.00
 139   36    0   83.33  76.92    10     12   13      0     36    36   100.00
 140   38    0   61.76  67.74    21     34   31      7     38    38   100.00
 141   37    0   81.25  89.66    26     32   29      3     37    37   100.00
 142   50    0   95.00  92.68    38     40   41      1     50    50   100.00
 143   54    0   85.37  87.50    35     41   40      3     54    54   100.00
 144   38    0   80.65  83.33    25     31   30      2     38    38   100.00
 145   39    0   70.37  67.86    19     27   28      7     39    39   100.00
 146   41    0   82.86  78.38    29     35   37      1     41    41   100.00
 147   48    0   70.59  68.57    24     34   35      6     48    48   100.00
 148   42    0   91.43  91.43    32     35   35      0     42    42   100.00
 149   56    0   85.71  85.71    36     42   42      1     56    56   100.00
 150   40    0   54.17  54.17    13     24   24      8     40    40   100.00
 151   67    0   86.79  88.46    46     53   52      2     67    67   100.00
 152   39    0   71.43  86.21    25     35   29      3     39    39   100.00
 153   36    0  100.00  93.55    29     29   31      0     36    36   100.00
 154   45    0   73.33  70.97    22     30   31      4     45    45   100.00
 155   39    0   86.49  88.89    32     37   36      0     39    39   100.00
 156   41    0   97.06  97.06    33     34   34      0     41    41   100.00
 157   42    0   85.71  93.75    30     35   32      0     42    42   100.00
 158   33    0   78.26  81.82    18     23   22      3     33    33   100.00
 159   39    0   96.97 100.00    32     33   32      0     39    39   100.00
 160   39    0   84.00  61.76    21     25   34      6     39    39   100.00
 161   37    0   91.43  94.12    32     35   34      0     37    37   100.00
 162   48    0   87.23  89.13    41     47   46      3     48    48   100.00
 163   37    0   84.85  90.32    28     33   31      1     37    37   100.00
 164   36    0   84.62  81.48    22     26   27      1     36    36   100.00
 165   40    0   55.56  64.52    20     36   31      7     40    40   100.00
 166   59    0   82.35  82.35    42     51   51      3     59    59   100.00
 167   35    0   81.48  81.48    22     27   27      2     35    35   100.00
 168   42    0   91.67  91.67    33     36   36      2     42    42   100.00
 169   36    0   86.67  86.67    26     30   30      1     36    36   100.00
 170   47    0   76.92  76.92    30     39   39      6     47    47   100.00
 171   34    0   72.00  78.26    18     25   23      3     34    34   100.00
 172   31    0   60.87  63.64    14     23   22      4     31    31   100.00
 173   42    0   88.57  93.94    31     35   33      2     42    42   100.00
 174   44    0   87.50  80.00    28     32   35      2     44    44   100.00
 175   71    0   76.56  80.33    49     64   61      6     71    71   100.00
 176   38    0   66.67  75.00    24     36   32      4     38    38   100.00
 177   34    0   70.00  77.78    21     30   27      2     34    34   100.00
 178   30    0   95.83 100.00    23     24   23      0     30    30   100.00
 179   34    0   88.89  92.31    24     27   26      1     34    34   100.00
 180   34    0   89.66  89.66    26     29   29      1     34    34   100.00
 181   31    0  100.00  96.55    28     28   29      0     31    31   100.00
 182   26    0   86.96  80.00    20     23   25      1     26    26   100.00
 183   28    0   78.26  81.82    18     23   22      3     28    28   100.00
 184   40    0  100.00 100.00    32     32   32      0     40    40   100.00
 185   43    0   91.89  91.89    34     37   37      0     43    43   100.00
 186   34    0   86.67  86.67    26     30   30      1     34    34   100.00
 187   39    0  100.00  97.30    36     36   37      0     39    39   100.00
 188   39    0   84.38  84.38    27     32   32      1     39    39   100.00
 189   39    0   80.00  87.50    28     35   32      2     39    39   100.00
 190   65    0   84.91  83.33    45     53   54      5     65    65   100.00
 191   26    0   72.22  81.25    13     18   16      0     26    26   100.00
 192   56    0   85.11  90.91    40     47   44      2     56    56   100.00
 193   36    0   76.00  76.00    19     25   25      4     36    36   100.00
 194   30    0   96.00  92.31    24     25   26      0     30    30   100.00
 195   35    0   71.43  66.67    20     28   30      7     35    35   100.00
 196   26    0   91.30  91.30    21     23   23      0     26    26   100.00
 197   33    0   88.46  88.46    23     26   26      2     33    33   100.00
 198   29    0  100.00  95.83    23     23   24      0     29    29   100.00
 199   49    0   92.50  97.37    37     40   38      0     49    49   100.00
 200   39    0   86.11  88.57    31     36   35      1     39    39   100.00
 201   36    0   48.48  57.14    16     33   28      9     36    36   100.00
 202   33    0   93.10  96.43    27     29   28      0     33    33   100.00
 203   44    0   65.00  72.22    26     40   36      6     44    44   100.00
 204   33    0   64.29  66.67    18     28   27      6     33    33   100.00
 205   31    0   96.30  92.86    26     27   28      0     31    31   100.00
 206   27    0   94.74  90.00    18     19   20      0     27    27   100.00
 207   36    0   93.10  96.43    27     29   28      0     36    36   100.00
 208   32    0   67.74  70.00    21     31   30      6     32    32   100.00
 209   30    0  100.00  96.15    25     25   26      0     30    30   100.00
 210   29    0   57.69  65.22    15     26   23      4     29    29   100.00
 211   26    0  100.00 100.00    18     18   18      0     26    26   100.00
 212   31    0   88.00  84.62    22     25   26      3     31    31   100.00
 213   28    0   77.78  87.50    21     27   24      0     28    28   100.00
 214   30    0   95.45  91.30    21     22   23      1     30    30   100.00
 215   26    0   95.00  90.48    19     20   21      1     26    26   100.00
 216   37    0   70.59  88.89    24     34   27      1     37    37   100.00
 217   26    0   83.33  83.33    15     18   18      1     26    26   100.00
 218   32    0   78.57  95.65    22     28   23      0     32    32   100.00
============================================================================
                 83.08  85.65   5000  6018  5838    380   7412  7412   100.00
=== Summary ===

-- All --
Number of sentence        =    218
Number of Error sentence  =      0
Number of Skip  sentence  =      0
Number of Valid sentence  =    218
Bracketing Recall         =  83.08
Bracketing Precision      =  85.65
Bracketing FMeasure       =  84.35
Complete match            =   5.50
Average crossing          =   1.74
No crossing               =  40.37
2 or less crossing        =  73.39
Tagging accuracy          = 100.00

-- len<=100 --
Number of sentence        =    218
Number of Error sentence  =      0
Number of Skip  sentence  =      0
Number of Valid sentence  =    218
Bracketing Recall         =  83.08
Bracketing Precision      =  85.65
Bracketing FMeasure       =  84.35
Complete match            =   5.50
Average crossing          =   1.74
No crossing               =  40.37
2 or less crossing        =  73.39
Tagging accuracy          = 100.00
