  Sent.                        Matched  Bracket   Cross        Correct Tag
 ID  Len.  Stat. Recal  Prec.  Bracket gold test Bracket Words  Tags Accracy
============================================================================
   1   22    0   78.57  68.75    11     14   16      2     22    22   100.00
   2   27    0   66.67  58.33    14     21   24      3     27    25    92.59
   3   29    0   66.67  64.29    18     27   28      6     29    28    96.55
   4   27    0   86.96  95.24    20     23   21      0     27    27   100.00
   5   27    0   80.00  70.59    12     15   17      2     27    27   100.00
   6   29    0   90.00  85.71    18     20   21      0     29    25    86.21
   7   25    0   58.82  55.56    10     17   18      4     25    23    92.00
   8   30    0   92.86 100.00    26     28   26      0     30    27    90.00
   9   27    0  100.00 100.00    24     24   24      0     27    27   100.00
  10   29    0   72.00  72.00    18     25   25      4     29    29   100.00
  11   25    0   82.61  82.61    19     23   23      1     25    25   100.00
  12   29    0   57.89  64.71    11     19   17      4     29    27    93.10
  13   25    0   62.50  76.92    10     16   13      2     25    23    92.00
  14   27    0  100.00 100.00    24     24   24      0     27    26    96.30
  15   27    0   93.75 100.00    15     16   15      0     27    27   100.00
  16   28    0   59.09  61.90    13     22   21      3     28    25    89.29
  17   30    0   95.45 100.00    21     22   21      0     30    28    93.33
  18   31    0   86.21  86.21    25     29   29      3     31    30    96.77
  19   27    0   52.38  52.38    11     21   21      9     27    27   100.00
  20   30    0   80.77  80.77    21     26   26      1     30    28    93.33
  21   27    0   73.68  82.35    14     19   17      1     27    25    92.59
  22   28    0   95.45  91.30    21     22   23      0     28    28   100.00
  23   27    0   73.91  77.27    17     23   22      4     27    27   100.00
  24   27    0   95.24  95.24    20     21   21      0     27    26    96.30
  25   13    0   75.00  75.00     9     12   12      2     13    12    92.31
  26   31    0   92.00  88.46    23     25   26      1     31    31   100.00
  27   29    0   71.43  68.18    15     21   22      2     29    28    96.55
  28   26    0   77.27  70.83    17     22   24      2     26    25    96.15
  29   28    0   90.91  95.24    20     22   21      0     28    27    96.43
  30   29    0   85.71  80.00    24     28   30      1     29    28    96.55
  31   28    0   85.71  81.82    18     21   22      1     28    27    96.43
  32   28    0   86.96  95.24    20     23   21      0     28    27    96.43
  33   30    0   88.00  78.57    22     25   28      0     30    28    93.33
  34   28    0   83.33  80.00    20     24   25      0     28    27    96.43
  35   26    0   65.22  75.00    15     23   20      3     26    25    96.15
  36   29    0   93.10  96.43    27     29   28      0     29    28    96.55
  37   27    0   75.00  83.33    15     20   18      1     27    26    96.30
  38   27    0   77.27  80.95    17     22   21      1     27    26    96.30
  39   28    0  100.00  96.15    25     25   26      0     28    27    96.43
  40   27    0   74.07  90.91    20     27   22      2     27    25    92.59
  41   30    0   80.00  80.00    20     25   25      2     30    30   100.00
  42   31    0   96.00  92.31    24     25   26      0     31    31   100.00
  43   27    0   90.91  90.91    20     22   22      0     27    25    92.59
  44   30    0   69.57  57.14    16     23   28      7     30    29    96.67
  45   28    0   95.00 100.00    19     20   19      0     28    27    96.43
  46   26    0   68.18  62.50    15     22   24      3     26    23    88.46
  47   23    0   68.42  86.67    13     19   15      2     23    23   100.00
  48   23    0   75.00  78.95    15     20   19      4     23    22    95.65
  49   25    0   90.48  79.17    19     21   24      0     25    24    96.00
  50   31    0   92.31 100.00    24     26   24      0     31    30    96.77
  51   29    0   91.67  84.62    22     24   26      0     29    28    96.55
  52   26    0   61.90  86.67    13     21   15      0     26    23    88.46
  53   27    0   82.61  86.36    19     23   22      1     27    27   100.00
  54   30    0   92.59  86.21    25     27   29      1     30    27    90.00
  55   26    0   81.82  81.82    18     22   22      2     26    25    96.15
  56   28    0  100.00 100.00    23     23   23      0     28    28   100.00
  57   26    0   83.33  90.91    20     24   22      1     26    26   100.00
  58   25    0   85.00  89.47    17     20   19      0     25    25   100.00
  59   27    0   95.83 100.00    23     24   23      0     27    27   100.00
  60   31    0   70.00  72.41    21     30   29      5     31    29    93.55
  61   27    0   50.00  62.50    10     20   16      4     27    26    96.30
  62   26    0   72.73  69.57    16     22   23      5     26    25    96.15
  63   23    0   76.47  86.67    13     17   15      0     23    22    95.65
  64   26    0   76.19  69.57    16     21   23      2     26    21    80.77
  65   28    0   70.00  73.68    14     20   19      3     28    28   100.00
  66   31    0   76.92  80.00    20     26   25      1     31    31   100.00
  67   29    0   92.00  92.00    23     25   25      0     29    29   100.00
  68   27    0   37.50  47.37     9     24   19      6     27    24    88.89
  69   31    0   89.66  96.30    26     29   27      0     31    30    96.77
  70   28    0   91.30  91.30    21     23   23      1     28    26    92.86
  71   28    0   66.67  72.73    16     24   22      2     28    26    92.86
  72   28    0   76.19  80.00    16     21   20      2     28    27    96.43
  73   24    0   73.68  70.00    14     19   20      3     24    24   100.00
  74   24    0   60.00  66.67    12     20   18      2     24    22    91.67
  75   30    0   85.19  92.00    23     27   25      1     30    27    90.00
  76   31    0   73.33  68.75    22     30   32      2     31    23    74.19
  77   32    0   58.62  65.38    17     29   26      2     32    30    93.75
  78   34    0   86.67  96.30    26     30   27      1     34    34   100.00
  79   35    0   96.15  92.59    25     26   27      0     35    35   100.00
  80   32    0   52.63  52.63    10     19   19      4     32    32   100.00
  81   33    0   87.50  80.77    21     24   26      2     33    33   100.00
  82   29    0   52.00  56.52    13     25   23      6     29    28    96.55
  83   30    0   78.26  94.74    18     23   19      0     30    30   100.00
  84   32    0   87.50  77.78    21     24   27      0     32    31    96.88
  85   31    0   66.67  76.19    16     24   21      4     31    31   100.00
  86   31    0  100.00  96.43    27     27   28      0     31    31   100.00
  87   35    0   79.31  79.31    23     29   29      1     35    34    97.14
  88   34    0   61.90  81.25    13     21   16      1     34    34   100.00
  89   31    0   86.67  89.66    26     30   29      1     31    30    96.77
  90   32    0   74.19  82.14    23     31   28      1     32    32   100.00
  91   34    0   61.29  70.37    19     31   27      7     34    33    97.06
  92   28    0   66.67  73.68    14     21   19      1     28    24    85.71
  93   31    0   70.83  73.91    17     24   23      3     31    31   100.00
  94   33    0   75.76  78.12    25     33   32      3     33    33   100.00
  95   34    0   78.79  83.87    26     33   31      0     34    31    91.18
  96   31    0   75.00  80.77    21     28   26      3     31    30    96.77
  97   34    0   79.31  88.46    23     29   26      0     34    32    94.12
  98   32    0   91.30  91.30    21     23   23      1     32    32   100.00
  99   33    0   78.57  68.75    22     28   32      4     33    31    93.94
 100   31    0   77.27  94.44    17     22   18      0     31    30    96.77
 101   30    0   65.22  75.00    15     23   20      3     30    28    93.33
 102   31    0   77.78  77.78    21     27   27      2     31    30    96.77
 103   24    0   86.67  81.25    13     15   16      0     24    23    95.83
 104   28    0   82.35  87.50    14     17   16      1     28    27    96.43
 105   31    0   71.43  71.43    20     28   28      2     31    29    93.55
 106   32    0   81.48  81.48    22     27   27      3     32    32   100.00
 107   30    0   86.96  90.91    20     23   22      1     30    29    96.67
 108   33    0   78.79  86.67    26     33   30      1     33    30    90.91
 109   18    0   53.85  58.33     7     13   12      3     18    17    94.44
 110   29    0   73.08  82.61    19     26   23      3     29    27    93.10
 111   34    0   60.00  64.29    18     30   28      5     34    33    97.06
 112   31    0   86.96  90.91    20     23   22      0     31    30    96.77
 113   32    0   83.33  90.91    20     24   22      2     32    31    96.88
 114   26    0   86.67 100.00    13     15   13      0     26    26   100.00
 115   29    0   76.92  83.33    20     26   24      3     29    29   100.00
 116   33    0   87.10  90.00    27     31   30      1     33    33   100.00
 117   30    0   90.91  90.91    20     22   22      1     30    29    96.67
 118   43    0   95.00  95.00    38     40   40      0     43    42    97.67
 119   38    0   81.82  77.14    27     33   35      3     38    35    92.11
 120   48    0   67.86  63.33    19     28   30      1     48    46    95.83
 121   39    0   84.38  90.00    27     32   30      2     39    37    94.87
 122   97    0   65.06  62.79    54     83   86     17     97    97   100.00
 123   55    0   79.55  72.92    35     44   48      5     55    54    98.18
 124   42    0   94.87  92.50    37     39   40      0     42    42   100.00
 125   49    0   69.44  69.44    25     36   36      8     49    49   100.00
 126   51    0   82.93  75.56    34     41   45      5     51    50    98.04
 127   39    0   75.00  72.41    21     28   29      4     39    39   100.00
 128   40    0   80.00  69.57    16     20   23      4     40    40   100.00
 129   42    0   75.00  77.78    21     28   27      1     42    41    97.62
 130   37    0   46.88  53.57    15     32   28     10     37    35    94.59
 131   35    0   71.43  74.07    20     28   27      4     35    34    97.14
 132   40    0   56.25  42.86     9     16   21      4     40    37    92.50
 133   35    0   65.38  58.62    17     26   29      6     35    33    94.29
 134   37    0   54.84  62.96    17     31   27      7     37    35    94.59
 135   36    0   86.67  86.67    26     30   30      2     36    35    97.22
 136   43    0   68.57  77.42    24     35   31      5     43    42    97.67
 137   88    0   51.61  60.38    32     62   53     13     88    85    96.59
 138   63    0   69.39  79.07    34     49   43      4     63    62    98.41
 139   36    0   75.00  42.86     9     12   21      0     36    32    88.89
 140   38    0   67.65  69.70    23     34   33      5     38    37    97.37
 141   37    0   71.88  79.31    23     32   29      4     37    37   100.00
 142   50    0   97.50  95.12    39     40   41      1     50    50   100.00
 143   54    0   78.05  80.00    32     41   40      6     54    53    98.15
 144   38    0   90.32  82.35    28     31   34      3     38    36    94.74
 145   39    0   70.37  73.08    19     27   26      4     39    39   100.00
 146   41    0   82.86  70.73    29     35   41      2     41    40    97.56
 147   48    0   73.53  69.44    25     34   36      4     48    45    93.75
 148   42    0   85.71  83.33    30     35   36      1     42    40    95.24
 149   56    0   80.95  77.27    34     42   44      2     56    54    96.43
 150   40    0   20.83  50.00     5     24   10      3     40    39    97.50
 151   67    0   90.57  90.57    48     53   53      0     67    63    94.03
 152   39    0   68.57  80.00    24     35   30      3     39    38    97.44
 153   36    0  100.00  90.62    29     29   32      0     36    35    97.22
 154   45    0   76.67  69.70    23     30   33      3     45    43    95.56
 155   39    0   94.59  89.74    35     37   39      0     39    39   100.00
 156   41    0   91.18  91.18    31     34   34      1     41    40    97.56
 157   42    0   77.14  79.41    27     35   34      4     42    38    90.48
 158   33    0   69.57  80.00    16     23   20      2     33    31    93.94
 159   39    0   96.97  94.12    32     33   34      0     39    38    97.44
 160   39    0   80.00  68.97    20     25   29      2     39    36    92.31
 161   37    0   80.00  90.32    28     35   31      2     37    36    97.30
 162   48    0   89.36  89.36    42     47   47      2     48    47    97.92
 163   37    0   78.79  78.79    26     33   33      3     37    36    97.30
 164   36    0   65.38  68.00    17     26   25      1     36    33    91.67
 165   40    0   66.67  70.59    24     36   34      6     40    34    85.00
 166   59    0   80.39  77.36    41     51   53      9     59    58    98.31
 167   35    0   81.48  75.86    22     27   29      5     35    33    94.29
 168   42    0   77.78  87.50    28     36   32      4     42    42   100.00
 169   36    0   93.33  87.50    28     30   32      2     36    36   100.00
 170   47    0   76.92  78.95    30     39   38      4     47    45    95.74
 171   34    0   36.00  64.29     9     25   14      4     34    32    94.12
 172   31    0   21.74  71.43     5     23    7      1     31    31   100.00
 173   42    0   68.57  82.76    24     35   29      1     42    37    88.10
 174   44    0   87.50  75.68    28     32   37      2     44    43    97.73
 175   71    0   70.31  77.59    45     64   58      6     71    68    95.77
 176   38    0   83.33  83.33    30     36   36      2     38    36    94.74
 177   34    0   83.33  89.29    25     30   28      1     34    34   100.00
 178   30    0   83.33  90.91    20     24   22      1     30    30   100.00
 179   34    0   66.67  64.29    18     27   28      6     34    32    94.12
 180   34    0   93.10 100.00    27     29   27      0     34    34   100.00
 181   31    0   85.71  92.31    24     28   26      2     31    29    93.55
 182   26    0   78.26  81.82    18     23   22      2     26    25    96.15
 183   28    0   86.96  90.91    20     23   22      1     28    28   100.00
 184   40    0  100.00 100.00    32     32   32      0     40    36    90.00
 185   43    0   83.78  86.11    31     37   36      2     43    41    95.35
 186   34    0   76.67  82.14    23     30   28      1     34    33    97.06
 187   39    0   94.44  97.14    34     36   35      0     39    38    97.44
 188   39    0   71.88  76.67    23     32   30      3     39    35    89.74
 189   39    0   80.00  93.33    28     35   30      1     39    38    97.44
 190   65    0   79.25  71.19    42     53   59      7     65    62    95.38
 191   26    0   72.22  65.00    13     18   20      2     26    24    92.31
 192   56    0   80.85  84.44    38     47   45      3     56    53    94.64
 193   36    0   68.00  77.27    17     25   22      4     36    36   100.00
 194   30    0   72.00  72.00    18     25   25      3     30    29    96.67
 195   35    0   60.71  60.71    17     28   28      6     35    33    94.29
 196   26    0   82.61  90.48    19     23   21      1     26    26   100.00
 197   33    0   73.08  76.00    19     26   25      4     33    31    93.94
 198   29    0   95.65  95.65    22     23   23      0     29    29   100.00
 199   49    0   82.50  97.06    33     40   34      0     49    48    97.96
 200   39    0   72.22  76.47    26     36   34      4     39    37    94.87
 201   36    0   54.55  60.00    18     33   30     10     36    35    97.22
 202   33    0   86.21  80.65    25     29   31      2     33    33   100.00
 203   44    0   70.00  66.67    28     40   42      5     44    42    95.45
 204   33    0   75.00  72.41    21     28   29      6     33    30    90.91
 205   31    0   92.59  96.15    25     27   26      0     31    30    96.77
 206   27    0   84.21  88.89    16     19   18      1     27    27   100.00
 207   36    0   89.66  89.66    26     29   29      0     36    36   100.00
 208   32    0   87.10  87.10    27     31   31      0     32    30    93.75
 209   30    0   88.00  81.48    22     25   27      2     30    28    93.33
 210   29    0   65.38  77.27    17     26   22      3     29    28    96.55
 211   26    0  100.00 100.00    18     18   18      0     26    26   100.00
 212   31    0   76.00  76.00    19     25   25      3     31    31   100.00
 213   28    0   81.48  84.62    22     27   26      0     28    27    96.43
 214   30    0   59.09  61.90    13     22   21      6     30    28    93.33
 215   26    0   45.00  50.00     9     20   18      7     26    25    96.15
 216   37    0   73.53  75.76    25     34   33      3     37    36    97.30
 217   26    0   72.22  68.42    13     18   19      1     26    25    96.15
 218   32    0   75.00  87.50    21     28   24      1     32    32   100.00
============================================================================
                 77.83  79.88   4684  6018  5864    516   7412  7134    96.25
=== Summary ===

-- All --
Number of sentence        =    218
Number of Error sentence  =      0
Number of Skip  sentence  =      0
Number of Valid sentence  =    218
Bracketing Recall         =  77.83
Bracketing Precision      =  79.88
Bracketing FMeasure       =  78.84
Complete match            =   2.29
Average crossing          =   2.37
No crossing               =  25.23
2 or less crossing        =  61.93
Tagging accuracy          =  96.25

-- len<=100 --
Number of sentence        =    218
Number of Error sentence  =      0
Number of Skip  sentence  =      0
Number of Valid sentence  =    218
Bracketing Recall         =  77.83
Bracketing Precision      =  79.88
Bracketing FMeasure       =  78.84
Complete match            =   2.29
Average crossing          =   2.37
No crossing               =  25.23
2 or less crossing        =  61.93
Tagging accuracy          =  96.25
