  Sent.                        Matched  Bracket   Cross        Correct Tag
 ID  Len.  Stat. Recal  Prec.  Bracket gold test Bracket Words  Tags Accracy
============================================================================
   1    5    0  100.00 100.00     5      5    5      0      5     4    80.00
   2   10    0   50.00  71.43     5     10    7      0     10     9    90.00
   3    7    0  100.00 100.00     6      6    6      0      7     6    85.71
   4   10    0   71.43  71.43     5      7    7      1     10    10   100.00
   5    5    0   66.67  50.00     2      3    4      0      5     4    80.00
   6    9    0   50.00  42.86     3      6    7      2      9     7    77.78
   7    8    0   85.71  75.00     6      7    8      0      8     8   100.00
   8   10    0  100.00 100.00     7      7    7      0     10    10   100.00
   9   10    0   87.50  87.50     7      8    8      0     10    10   100.00
  10   11    0   80.00  88.89     8     10    9      0     11    10    90.91
  11    6    0   83.33  83.33     5      6    6      0      6     6   100.00
  12    7    0   80.00 100.00     4      5    4      0      7     7   100.00
  13    6    0   66.67  50.00     2      3    4      0      6     6   100.00
  14    3    0  100.00 100.00     3      3    3      0      3     3   100.00
  15    6    0  100.00 100.00     4      4    4      0      6     5    83.33
  16   10    0  100.00 100.00    10     10   10      0     10    10   100.00
  17   11    0   72.73  72.73     8     11   11      2     11    11   100.00
  18   10    0   57.14  57.14     4      7    7      1     10     9    90.00
  19   10    0  100.00 100.00     8      8    8      0     10     9    90.00
  20    8    0  100.00 100.00     6      6    6      0      8     8   100.00
  21    5    0  100.00 100.00     4      4    4      0      5     5   100.00
  22    9    0   90.00  90.00     9     10   10      0      9     9   100.00
  23   11    0  100.00 100.00     6      6    6      0     11    10    90.91
  24    9    0  100.00 100.00     8      8    8      0      9     9   100.00
  25   10    0  100.00 100.00     7      7    7      0     10    10   100.00
  26   10    0  100.00 100.00     5      5    5      0     10    10   100.00
  27   11    0   87.50  87.50     7      8    8      0     11    10    90.91
  28   10    0  100.00 100.00     6      6    6      0     10    10   100.00
  29    7    0  100.00 100.00     6      6    6      0      7     7   100.00
  30    5    0  100.00 100.00     5      5    5      0      5     4    80.00
  31    6    0   80.00  80.00     4      5    5      0      6     6   100.00
  32    6    0   80.00 100.00     4      5    4      0      6     6   100.00
  33   11    0  100.00 100.00     7      7    7      0     11    11   100.00
  34    9    0  100.00  71.43     5      5    7      0      9     9   100.00
  35   11    0  100.00 100.00     7      7    7      0     11     9    81.82
  36   11    0  100.00 100.00    10     10   10      0     11    11   100.00
  37    8    0   33.33  33.33     2      6    6      3      8     7    87.50
  38    6    0  100.00 100.00     5      5    5      0      6     6   100.00
  39   10    0  100.00 100.00     5      5    5      0     10    10   100.00
  40   10    0   81.82  81.82     9     11   11      1     10    10   100.00
  41   11    0   87.50  87.50     7      8    8      0     11    11   100.00
  42   11    0   75.00  75.00     6      8    8      1     11    10    90.91
  43    8    0  100.00 100.00     6      6    6      0      8     8   100.00
  44    5    0  100.00 100.00     4      4    4      0      5     5   100.00
  45   10    0  100.00 100.00     6      6    6      0     10    10   100.00
  46    9    0   33.33  40.00     2      6    5      2      9     7    77.78
  47   11    0  100.00 100.00     8      8    8      0     11    11   100.00
  48    9    0  100.00 100.00     9      9    9      0      9     9   100.00
  49   10    0   88.89  88.89     8      9    9      0     10    10   100.00
  50    6    0  100.00 100.00     6      6    6      0      6     6   100.00
  51    6    0  100.00 100.00     3      3    3      0      6     6   100.00
  52    7    0  100.00 100.00     6      6    6      0      7     7   100.00
  53    7    0  100.00 100.00     8      8    8      0      7     7   100.00
  54    9    0  100.00 100.00     6      6    6      0      9     9   100.00
  55   10    0   50.00  50.00     3      6    6      0     10     9    90.00
  56    7    0  100.00 100.00     6      6    6      0      7     7   100.00
  57   11    0  100.00 100.00     7      7    7      0     11    11   100.00
  58    8    0  100.00 100.00     5      5    5      0      8     8   100.00
  59   10    0   50.00  60.00     3      6    5      1     10     9    90.00
  60    6    0  100.00 100.00     5      5    5      0      6     6   100.00
  61    5    0  100.00 100.00     4      4    4      0      5     5   100.00
  62    7    0  100.00 100.00     6      6    6      0      7     7   100.00
  63    6    0  100.00 100.00     6      6    6      0      6     6   100.00
  64   11    0  100.00 100.00     6      6    6      0     11    11   100.00
  65    8    0  100.00 100.00     4      4    4      0      8     8   100.00
  66    8    0  100.00 100.00     6      6    6      0      8     8   100.00
  67   10    0   57.14  50.00     4      7    8      2     10    10   100.00
  68    8    0  100.00 100.00     4      4    4      0      8     8   100.00
  69   11    0   66.67  54.55     6      9   11      3     11    11   100.00
  70    8    0  100.00 100.00     6      6    6      0      8     8   100.00
  71    8    0  100.00  64.29     9      9   14      0      8     8   100.00
  72    5    0  100.00 100.00     4      4    4      0      5     5   100.00
  73    9    0  100.00  85.71     6      6    7      0      9     9   100.00
  74   10    0  100.00 100.00     7      7    7      0     10    10   100.00
  75   10    0  100.00 100.00     8      8    8      0     10    10   100.00
  76    8    0  100.00 100.00     7      7    7      0      8     8   100.00
  77    7    0  100.00 100.00     5      5    5      0      7     6    85.71
  78    9    0   42.86  37.50     3      7    8      4      9     8    88.89
  79    9    0  100.00 100.00     8      8    8      0      9     9   100.00
  80    6    0  100.00 100.00     5      5    5      0      6     6   100.00
  81   11    0  100.00 100.00    10     10   10      0     11    10    90.91
  82    5    0  100.00 100.00     3      3    3      0      5     5   100.00
  83    9    0  100.00 100.00     5      5    5      0      9     9   100.00
  84    9    0  100.00  85.71     6      6    7      0      9     9   100.00
  85    9    0  100.00 100.00     9      9    9      0      9     9   100.00
  86   11    0  100.00 100.00     9      9    9      0     11    10    90.91
  87    7    0  100.00 100.00     6      6    6      0      7     7   100.00
  88   11    0  100.00 100.00     9      9    9      0     11    11   100.00
  89   11    0   87.50  77.78     7      8    9      1     11    11   100.00
  90    6    0  100.00 100.00     5      5    5      0      6     6   100.00
  91    6    0  100.00 100.00     5      5    5      0      6     5    83.33
  92    4    0  100.00 100.00     3      3    3      0      4     3    75.00
  93    7    0  100.00 100.00     5      5    5      0      7     7   100.00
  94    9    0  100.00 100.00     9      9    9      0      9     9   100.00
  95   10    0  100.00 100.00    10     10   10      0     10    10   100.00
  96   11    0  100.00 100.00     8      8    8      0     11    11   100.00
  97    8    0  100.00 100.00     5      5    5      0      8     8   100.00
  98   10    0   71.43  71.43     5      7    7      1     10     8    80.00
  99    9    0  100.00 100.00     7      7    7      0      9     8    88.89
 100    8    0   50.00  75.00     3      6    4      1      8     7    87.50
 101    9    0   57.14  57.14     4      7    7      2      9     9   100.00
 102   10    0  100.00  85.71     6      6    7      0     10    10   100.00
 103    8    0   40.00  50.00     2      5    4      1      8     7    87.50
 104   10    0   50.00  57.14     4      8    7      2     10    10   100.00
 105   10    0  100.00 100.00     7      7    7      0     10    10   100.00
 106    5    0  100.00 100.00     4      4    4      0      5     5   100.00
 107    8    0   60.00  75.00     3      5    4      0      8     8   100.00
 108    9    0  100.00 100.00     9      9    9      0      9     9   100.00
 109    9    0  100.00 100.00     6      6    6      0      9     7    77.78
 110   10    0  100.00 100.00     9      9    9      0     10     9    90.00
 111    9    0   75.00  66.67     6      8    9      1      9     9   100.00
 112   10    0  100.00 100.00     8      8    8      0     10    10   100.00
 113    7    0  100.00 100.00     7      7    7      0      7     7   100.00
 114    9    0   33.33  40.00     2      6    5      3      9     8    88.89
 115   10    0  100.00 100.00    10     10   10      0     10    10   100.00
 116    9    0  100.00 100.00     9      9    9      0      9     9   100.00
 117    6    0  100.00 100.00     5      5    5      0      6     6   100.00
 118   11    0  100.00 100.00     9      9    9      0     11    10    90.91
 119    6    0  100.00 100.00     5      5    5      0      6     6   100.00
 120    6    0  100.00 100.00     6      6    6      0      6     5    83.33
 121   11    0   44.44  50.00     4      9    8      3     11    11   100.00
 122   11    0   90.00 100.00     9     10    9      0     11    10    90.91
 123    7    0  100.00 100.00     5      5    5      0      7     7   100.00
 124   11    0  100.00 100.00     9      9    9      0     11    11   100.00
 125    6    0  100.00 100.00     5      5    5      0      6     6   100.00
 126   10    0  100.00 100.00     8      8    8      0     10     9    90.00
 127    7    0   66.67  66.67     4      6    6      0      7     7   100.00
 128   11    0  100.00 100.00     8      8    8      0     11    11   100.00
 129   10    0   87.50  87.50     7      8    8      0     10    10   100.00
 130    9    0  100.00 100.00     7      7    7      0      9     9   100.00
 131    8    0  100.00 100.00     6      6    6      0      8     8   100.00
 132    9    0  100.00 100.00     7      7    7      0      9     9   100.00
 133    7    0  100.00 100.00     6      6    6      0      7     7   100.00
 134    9    0  100.00 100.00     8      8    8      0      9     9   100.00
 135   11    0   83.33  71.43     5      6    7      0     11    11   100.00
 136   10    0  100.00 100.00     5      5    5      0     10     9    90.00
 137    8    0  100.00 100.00     5      5    5      0      8     7    87.50
 138    6    0   75.00  60.00     3      4    5      0      6     5    83.33
 139    8    0  100.00 100.00     9      9    9      0      8     8   100.00
 140   10    0  100.00 100.00     6      6    6      0     10    10   100.00
 141    6    0  100.00 100.00     4      4    4      0      6     6   100.00
 142    6    0  100.00 100.00     4      4    4      0      6     5    83.33
 143    6    0  100.00 100.00     7      7    7      0      6     6   100.00
 144   10    0  100.00 100.00     6      6    6      0     10    10   100.00
 145    9    0  100.00 100.00     8      8    8      0      9     9   100.00
 146    7    0  100.00 100.00     6      6    6      0      7     6    85.71
 147   10    0  100.00 100.00     9      9    9      0     10    10   100.00
 148   10    0   66.67  80.00     4      6    5      0     10     9    90.00
 149   11    0  100.00 100.00    12     12   12      0     11    11   100.00
 150    8    0  100.00 100.00     5      5    5      0      8     8   100.00
 151    9    0  100.00 100.00     7      7    7      0      9     8    88.89
 152   11    0   70.00  70.00     7     10   10      2     11    10    90.91
 153   10    0   90.00  90.00     9     10   10      0     10    10   100.00
 154    8    0  100.00 100.00     7      7    7      0      8     7    87.50
 155    9    0  100.00 100.00     8      8    8      0      9     9   100.00
 156    8    0   42.86  50.00     3      7    6      2      8     7    87.50
 157    9    0   83.33  71.43     5      6    7      0      9     6    66.67
 158    8    0   50.00  75.00     3      6    4      0      8     8   100.00
 159    7    0   66.67  80.00     4      6    5      0      7     7   100.00
 160    4    0  100.00 100.00     2      2    2      0      4     4   100.00
 161   10    0   77.78  77.78     7      9    9      1     10    10   100.00
 162    8    0   28.57  33.33     2      7    6      3      8     7    87.50
 163    8    0  100.00 100.00     7      7    7      0      8     8   100.00
 164   11    0  100.00 100.00     6      6    6      0     11    10    90.91
 165    8    0   85.71  85.71     6      7    7      0      8     7    87.50
 166    7    0  100.00 100.00     7      7    7      0      7     7   100.00
 167   10    0   87.50  87.50     7      8    8      0     10    10   100.00
 168   11    0  100.00 100.00     7      7    7      0     11    11   100.00
 169   11    0   91.67 100.00    11     12   11      0     11    10    90.91
 170    8    0  100.00 100.00     6      6    6      0      8     8   100.00
 171    8    0  100.00  80.00     4      4    5      0      8     8   100.00
 172    9    0  100.00 100.00     6      6    6      0      9     9   100.00
 173   11    0  100.00 100.00     8      8    8      0     11    10    90.91
 174   10    0  100.00 100.00    10     10   10      0     10    10   100.00
 175   10    0  100.00 100.00     6      6    6      0     10     9    90.00
 176    5    0  100.00 100.00     4      4    4      0      5     5   100.00
 177    5    0  100.00 100.00     4      4    4      0      5     5   100.00
 178    8    0  100.00 100.00     5      5    5      0      8     7    87.50
 179    8    0  100.00 100.00     6      6    6      0      8     7    87.50
 180    7    0   80.00 100.00     4      5    4      0      7     7   100.00
 181    8    0  100.00 100.00     6      6    6      0      8     8   100.00
 182    7    0  100.00 100.00     6      6    6      0      7     7   100.00
 183    9    0  100.00 100.00     7      7    7      0      9     9   100.00
 184   10    0  100.00 100.00    10     10   10      0     10    10   100.00
 185    6    0   66.67  80.00     4      6    5      0      6     5    83.33
 186   10    0   77.78  77.78     7      9    9      1     10     9    90.00
 187    9    0  100.00 100.00     7      7    7      0      9     9   100.00
 188    5    0  100.00 100.00     5      5    5      0      5     5   100.00
 189   10    0  100.00 100.00    10     10   10      0     10    10   100.00
 190    9    0  100.00 100.00     6      6    6      0      9     9   100.00
 191    7    0  100.00 100.00     5      5    5      0      7     6    85.71
 192    9    0   87.50 100.00     7      8    7      0      9     9   100.00
 193   10    0   75.00  85.71     6      8    7      0     10     9    90.00
 194   10    0  100.00 100.00     9      9    9      0     10    10   100.00
 195    6    0  100.00 100.00     5      5    5      0      6     6   100.00
 196    7    0  100.00 100.00     8      8    8      0      7     7   100.00
 197    7    0  100.00 100.00     6      6    6      0      7     7   100.00
 198    9    0   60.00  50.00     3      5    6      1      9     8    88.89
 199    9    0  100.00 100.00     7      7    7      0      9     9   100.00
 200    9    0   66.67  80.00     4      6    5      0      9     8    88.89
 201    4    0  100.00 100.00     4      4    4      0      4     4   100.00
 202    7    0  100.00 100.00     5      5    5      0      7     7   100.00
 203    8    0  100.00 100.00     6      6    6      0      8     8   100.00
 204    9    0   36.36  66.67     4     11    6      1      9     7    77.78
 205    8    0  100.00 100.00     5      5    5      0      8     8   100.00
 206   10    0  100.00 100.00     8      8    8      0     10     9    90.00
 207   10    0   83.33  71.43     5      6    7      0     10    10   100.00
 208    6    0   57.14  80.00     4      7    5      0      6     5    83.33
 209    9    0  100.00 100.00     7      7    7      0      9     9   100.00
 210    7    0   75.00  60.00     3      4    5      0      7     5    71.43
 211   10    0   88.89  88.89     8      9    9      0     10     9    90.00
 212    3    0  100.00 100.00     2      2    2      0      3     3   100.00
 213    3    0  100.00 100.00     3      3    3      0      3     3   100.00
 214   10    0  100.00 100.00    10     10   10      0     10     9    90.00
 215    7    0   33.33  40.00     2      6    5      2      7     7   100.00
 216   10    0  100.00 100.00     9      9    9      0     10     9    90.00
 217    7    0   83.33 100.00     5      6    5      0      7     7   100.00
 218   10    0  100.00 100.00     8      8    8      0     10    10   100.00
 219    6    0  100.00 100.00     4      4    4      0      6     6   100.00
 220    7    0  100.00 100.00     4      4    4      0      7     7   100.00
 221    4    0  100.00 100.00     4      4    4      0      4     4   100.00
 222    9    0   75.00  85.71     6      8    7      1      9     8    88.89
 223    8    0  100.00 100.00     6      6    6      0      8     7    87.50
 224    9    0  100.00 100.00     9      9    9      0      9     7    77.78
 225    8    0  100.00 100.00     6      6    6      0      8     8   100.00
 226    7    0  100.00 100.00     6      6    6      0      7     7   100.00
 227    7    0   83.33 100.00     5      6    5      0      7     6    85.71
 228   10    0   87.50 100.00     7      8    7      0     10     9    90.00
 229    9    0  100.00 100.00     9      9    9      0      9     9   100.00
 230   12    0   87.50  87.50     7      8    8      0     12    12   100.00
 231   12    0  100.00 100.00     8      8    8      0     12    12   100.00
 232   12    0  100.00 100.00     9      9    9      0     12    12   100.00
 233   14    0  100.00 100.00    11     11   11      0     14    14   100.00
 234   14    0  100.00 100.00     9      9    9      0     14    14   100.00
 235   14    0   66.67  60.00     6      9   10      2     14    14   100.00
 236   15    0  100.00 100.00    10     10   10      0     15    15   100.00
 237   16    0  100.00  93.33    14     14   15      0     16    16   100.00
 238   11    0   83.33  83.33     5      6    6      0     11    11   100.00
 239   13    0   91.67 100.00    11     12   11      0     13    13   100.00
 240   15    0  100.00 100.00    12     12   12      0     15    15   100.00
 241   13    0   88.89  88.89     8      9    9      0     13    10    76.92
 242   13    0  100.00 100.00    11     11   11      0     13    13   100.00
 243   12    0  100.00  90.91    10     10   11      0     12    11    91.67
 244   12    0   87.50  87.50     7      8    8      0     12    12   100.00
 245   14    0   66.67  54.55     6      9   11      2     14    14   100.00
 246   13    0   83.33  90.91    10     12   11      0     13    12    92.31
 247   13    0  100.00 100.00    10     10   10      0     13    13   100.00
 248   16    0  100.00 100.00    14     14   14      0     16    16   100.00
 249   12    0   80.00  72.73     8     10   11      1     12    12   100.00
 250   16    0   71.43  71.43    10     14   14      1     16    16   100.00
 251   13    0  100.00  87.50     7      7    8      0     13    11    84.62
 252   14    0   44.44  50.00     4      9    8      4     14    13    92.86
 253   15    0   91.67 100.00    11     12   11      0     15    15   100.00
 254   14    0  100.00 100.00     9      9    9      0     14    14   100.00
 255   12    0  100.00 100.00    10     10   10      0     12    12   100.00
 256   12    0   66.67  60.00     6      9   10      2     12    11    91.67
 257   15    0   86.67 100.00    13     15   13      0     15    15   100.00
 258   15    0   66.67  75.00     6      9    8      0     15    15   100.00
 259   13    0  100.00  91.67    11     11   12      0     13    12    92.31
 260   10    0   75.00  42.86     3      4    7      0     10     8    80.00
 261   12    0   66.67  85.71     6      9    7      1     12    12   100.00
 262   13    0   66.67  75.00     6      9    8      1     13    13   100.00
 263   16    0   69.23  69.23     9     13   13      3     16    13    81.25
 264   14    0   92.86  92.86    13     14   14      0     14    13    92.86
 265   15    0  100.00 100.00    14     14   14      0     15    15   100.00
 266   12    0  100.00 100.00     8      8    8      0     12    12   100.00
 267   13    0  100.00 100.00    11     11   11      0     13    13   100.00
 268   13    0  100.00 100.00    10     10   10      0     13    13   100.00
 269   16    0  100.00 100.00    13     13   13      0     16    16   100.00
 270   14    0  100.00  93.33    14     14   15      0     14    13    92.86
 271   15    0   92.86  92.86    13     14   14      0     15    15   100.00
 272   13    0  100.00 100.00     9      9    9      0     13    13   100.00
 273   14    0  100.00 100.00    11     11   11      0     14    14   100.00
 274   15    0  100.00  75.00     9      9   12      0     15    15   100.00
 275   11    0  100.00 100.00     7      7    7      0     11    11   100.00
 276   12    0  100.00 100.00     8      8    8      0     12    11    91.67
 277   14    0   81.82  90.00     9     11   10      0     14    13    92.86
 278   13    0  100.00 100.00    10     10   10      0     13    13   100.00
 279   12    0  100.00 100.00     9      9    9      0     12    12   100.00
 280   15    0   66.67  50.00     4      6    8      2     15    13    86.67
 281   12    0  100.00 100.00    11     11   11      0     12    12   100.00
 282   12    0  100.00 100.00     9      9    9      0     12    12   100.00
 283    8    0  100.00 100.00     9      9    9      0      8     8   100.00
 284   14    0   60.00  54.55     6     10   11      3     14    14   100.00
 285   13    0  100.00 100.00     9      9    9      0     13    12    92.31
 286   15    0   71.43  62.50     5      7    8      1     15    15   100.00
 287   13    0   75.00  90.00     9     12   10      0     13    12    92.31
 288   14    0  100.00 100.00    12     12   12      0     14    14   100.00
 289   13    0  100.00  88.89     8      8    9      0     13    12    92.31
 290   15    0   75.00  80.00    12     16   15      1     15    15   100.00
 291   16    0   53.85  53.85     7     13   13      4     16    15    93.75
 292   15    0   80.00  80.00     8     10   10      1     15    15   100.00
 293   12    0  100.00  75.00     6      6    8      0     12    12   100.00
 294   13    0  100.00 100.00    10     10   10      0     13    13   100.00
 295   12    0   70.00  77.78     7     10    9      1     12    12   100.00
 296   16    0   84.62  91.67    11     13   12      0     16    16   100.00
 297   13    0  100.00 100.00    12     12   12      0     13    13   100.00
 298   16    0   58.33  87.50     7     12    8      0     16    16   100.00
 299   14    0  100.00  91.67    11     11   12      0     14    14   100.00
 300   14    0   88.89 100.00     8      9    8      0     14    14   100.00
 301   15    0   84.62  84.62    11     13   13      1     15    15   100.00
 302   12    0  100.00 100.00     9      9    9      0     12    12   100.00
 303   13    0  100.00 100.00    11     11   11      0     13    13   100.00
 304   14    0   88.89  88.89     8      9    9      0     14    14   100.00
 305   16    0   75.00  75.00    12     16   16      3     16    16   100.00
 306   15    0  100.00 100.00    14     14   14      0     15    15   100.00
 307   12    0  100.00 100.00    11     11   11      0     12    12   100.00
 308   15    0   78.57  68.75    11     14   16      2     15    15   100.00
 309   14    0  100.00 100.00    12     12   12      0     14    13    92.86
 310   16    0  100.00  92.31    12     12   13      0     16    16   100.00
 311   12    0  100.00 100.00    11     11   11      0     12    12   100.00
 312   13    0  100.00 100.00     8      8    8      0     13    13   100.00
 313   14    0   90.91  83.33    10     11   12      0     14    13    92.86
 314   14    0  100.00 100.00    11     11   11      0     14    14   100.00
 315   12    0   75.00  85.71     6      8    7      0     12    11    91.67
 316   11    0  100.00 100.00     9      9    9      0     11    11   100.00
 317   12    0  100.00 100.00    12     12   12      0     12    12   100.00
 318   11    0   85.71  66.67     6      7    9      0     11     9    81.82
 319   14    0  100.00 100.00     9      9    9      0     14    12    85.71
 320   15    0   22.22  22.22     2      9    9      6     15    13    86.67
 321   13    0  100.00 100.00     8      8    8      0     13    13   100.00
 322   14    0  100.00  90.91    10     10   11      0     14    13    92.86
 323   15    0   83.33  90.91    10     12   11      0     15    13    86.67
 324   16    0  100.00 100.00    14     14   14      0     16    16   100.00
 325   14    0   71.43  50.00     5      7   10      1     14    13    92.86
 326   14    0  100.00 100.00    12     12   12      0     14    14   100.00
 327   15    0   50.00  55.56     5     10    9      3     15    14    93.33
 328   15    0  100.00 100.00    10     10   10      0     15    15   100.00
 329   12    0  100.00 100.00     7      7    7      0     12    12   100.00
 330   16    0   90.00  81.82     9     10   11      0     16    16   100.00
 331   12    0  100.00 100.00    11     11   11      0     12    12   100.00
 332   12    0   66.67  60.00     6      9   10      1     12    10    83.33
 333   15    0   88.89  80.00     8      9   10      0     15    15   100.00
 334   13    0   90.00  75.00     9     10   12      0     13    13   100.00
 335   12    0   90.00  75.00     9     10   12      0     12    12   100.00
 336   12    0  100.00 100.00    13     13   13      0     12    12   100.00
 337   12    0   75.00  90.00     9     12   10      1     12    12   100.00
 338   12    0   37.50  42.86     3      8    7      3     12    12   100.00
 339   12    0   81.82  75.00     9     11   12      0     12    11    91.67
 340   13    0  100.00 100.00    12     12   12      0     13    13   100.00
 341   12    0   62.50  83.33     5      8    6      0     12    11    91.67
 342   12    0  100.00 100.00     8      8    8      0     12    12   100.00
 343   16    0   91.67  78.57    11     12   14      1     16    15    93.75
 344   14    0   90.00  75.00     9     10   12      0     14    13    92.86
 345   16    0  100.00 100.00    12     12   12      0     16    16   100.00
 346   12    0  100.00 100.00    11     11   11      0     12    12   100.00
 347   12    0   90.00 100.00     9     10    9      0     12    11    91.67
 348   11    0  100.00 100.00     7      7    7      0     11    10    90.91
 349   13    0  100.00 100.00    14     14   14      0     13    13   100.00
 350   10    0  100.00  81.82     9      9   11      0     10    10   100.00
 351   15    0  100.00 100.00    13     13   13      0     15    14    93.33
 352   14    0   87.50  87.50     7      8    8      0     14    14   100.00
 353   15    0  100.00 100.00     9      9    9      0     15    15   100.00
 354   13    0  100.00  90.00     9      9   10      0     13    13   100.00
 355   14    0   62.50  71.43     5      8    7      2     14    14   100.00
 356   13    0   83.33  83.33    10     12   12      0     13    13   100.00
 357   14    0  100.00 100.00    16     16   16      0     14    14   100.00
 358   12    0   55.56  55.56     5      9    9      2     12    12   100.00
 359   13    0  100.00 100.00    11     11   11      0     13    13   100.00
 360   12    0   71.43  62.50     5      7    8      1     12    11    91.67
 361   14    0   61.54  80.00     8     13   10      1     14    12    85.71
 362   11    0  100.00 100.00     9      9    9      0     11    10    90.91
 363   14    0   66.67  72.73     8     12   11      3     14    14   100.00
 364   14    0  100.00 100.00    12     12   12      0     14    13    92.86
 365   10    0  100.00 100.00     7      7    7      0     10    10   100.00
 366   12    0  100.00 100.00     9      9    9      0     12    11    91.67
 367   13    0   90.91  83.33    10     11   12      0     13    12    92.31
 368   13    0   91.67  91.67    11     12   12      0     13    13   100.00
 369   13    0   50.00  50.00     4      8    8      3     13    12    92.31
 370   15    0   75.00  85.71    12     16   14      2     15    15   100.00
 371   11    0   87.50 100.00     7      8    7      0     11     9    81.82
 372   14    0   88.89  80.00     8      9   10      0     14    13    92.86
 373   15    0   50.00  66.67     6     12    9      2     15    15   100.00
 374   14    0   60.00  50.00     6     10   12      3     14    12    85.71
 375   16    0   92.86  86.67    13     14   15      0     16    14    87.50
 376   15    0   78.57  78.57    11     14   14      2     15    15   100.00
 377   14    0  100.00 100.00    14     14   14      0     14    13    92.86
 378   15    0   90.91 100.00    10     11   10      0     15    15   100.00
 379   14    0   77.78  70.00     7      9   10      1     14    13    92.86
 380   13    0   41.67  50.00     5     12   10      4     13    13   100.00
 381   12    0   81.82 100.00     9     11    9      0     12    12   100.00
 382   13    0  100.00 100.00    10     10   10      0     13    13   100.00
 383   14    0  100.00  90.00     9      9   10      0     14    14   100.00
 384   12    0  100.00 100.00     8      8    8      0     12    12   100.00
 385   11    0  100.00 100.00     8      8    8      0     11    11   100.00
 386   14    0   80.00  80.00     8     10   10      1     14    14   100.00
 387   13    0  100.00 100.00    12     12   12      0     13    12    92.31
 388   11    0  100.00 100.00     8      8    8      0     11    11   100.00
 389   13    0  100.00 100.00     8      8    8      0     13    13   100.00
 390   16    0   92.86 100.00    13     14   13      0     16    16   100.00
 391   13    0  100.00 100.00     8      8    8      0     13    13   100.00
 392   13    0   66.67  72.73     8     12   11      3     13    13   100.00
 393   13    0   90.91  76.92    10     11   13      0     13    12    92.31
 394   14    0  100.00  81.82     9      9   11      0     14    14   100.00
 395   15    0   72.73  66.67     8     11   12      2     15    15   100.00
 396   14    0  100.00 100.00    14     14   14      0     14    13    92.86
 397   15    0  100.00 100.00    14     14   14      0     15    15   100.00
 398   19    0   94.12  94.12    16     17   17      0     19    19   100.00
 399   17    0  100.00 100.00    14     14   14      0     17    16    94.12
 400   14    0  100.00 100.00    13     13   13      0     14    13    92.86
 401   21    0   31.25  55.56     5     16    9      4     21    20    95.24
 402   18    0   68.75  84.62    11     16   13      2     18    18   100.00
 403   16    0   70.00  70.00     7     10   10      1     16    14    87.50
 404   17    0   88.89  66.67     8      9   12      0     17    16    94.12
 405   16    0   91.67 100.00    11     12   11      0     16    16   100.00
 406   20    0   75.00  75.00    12     16   16      2     20    19    95.00
 407   17    0   85.71  80.00    12     14   15      0     17    15    88.24
 408   20    0   64.29  75.00     9     14   12      2     20    19    95.00
 409   21    0  100.00  89.47    17     17   19      0     21    21   100.00
 410   18    0  100.00 100.00    15     15   15      0     18    17    94.44
 411   19    0  100.00 100.00    17     17   17      0     19    18    94.74
 412   18    0   54.55  50.00     6     11   12      4     18    15    83.33
 413   16    0   83.33  71.43    10     12   14      1     16    16   100.00
 414   18    0   86.67  86.67    13     15   15      1     18    18   100.00
 415   20    0   89.47  89.47    17     19   19      1     20    20   100.00
 416   20    0   76.47  81.25    13     17   16      2     20    20   100.00
 417   18    0  100.00 100.00    16     16   16      0     18    17    94.44
 418   20    0   85.71  80.00    12     14   15      1     20    19    95.00
 419   20    0   83.33  83.33    10     12   12      1     20    20   100.00
 420   21    0   78.57  73.33    11     14   15      2     21    20    95.24
 421   19    0   78.57  91.67    11     14   12      0     19    19   100.00
 422   20    0   91.67  91.67    11     12   12      0     20    19    95.00
 423   18    0   81.25  76.47    13     16   17      1     18    17    94.44
 424   21    0   85.00  89.47    17     20   19      0     21    19    90.48
 425   16    0  100.00  80.00     8      8   10      0     16    16   100.00
 426   18    0   37.50  27.27     3      8   11      3     18    17    94.44
 427   21    0   93.75  88.24    15     16   17      0     21    20    95.24
 428   18    0   81.25  86.67    13     16   15      1     18    17    94.44
 429   17    0   83.33  83.33    10     12   12      0     17    17   100.00
 430   18    0  100.00 100.00    17     17   17      0     18    18   100.00
 431   19    0  100.00 100.00    14     14   14      0     19    18    94.74
 432   20    0   94.12 100.00    16     17   16      0     20    20   100.00
 433   16    0   50.00  54.55     6     12   11      4     16    16   100.00
 434   17    0   75.00  69.23     9     12   13      2     17    14    82.35
 435   17    0   87.50  87.50    14     16   16      1     17    17   100.00
 436   20    0   92.86  86.67    13     14   15      0     20    19    95.00
 437   20    0  100.00 100.00    13     13   13      0     20    20   100.00
 438   19    0   84.62  91.67    11     13   12      0     19    19   100.00
 439   18    0   94.12 100.00    16     17   16      0     18    18   100.00
 440   18    0   86.67  86.67    13     15   15      2     18    18   100.00
 441   19    0   82.35  82.35    14     17   17      2     19    19   100.00
 442   19    0  100.00  94.74    18     18   19      0     19    19   100.00
 443   17    0   92.86 100.00    13     14   13      0     17    17   100.00
 444   21    0  100.00 100.00    16     16   16      0     21    19    90.48
 445   20    0   85.71  80.00    12     14   15      1     20    19    95.00
 446   21    0  100.00  94.44    17     17   18      0     21    20    95.24
 447   18    0   92.86  86.67    13     14   15      0     18    18   100.00
 448   19    0   93.33 100.00    14     15   14      0     19    19   100.00
 449   16    0   75.00  81.82     9     12   11      0     16    16   100.00
 450   17    0   76.92  76.92    10     13   13      1     17    17   100.00
 451   20    0  100.00 100.00    17     17   17      0     20    19    95.00
 452   19    0   90.00  94.74    18     20   19      0     19    19   100.00
 453   19    0   81.25  76.47    13     16   17      2     19    18    94.74
 454   21    0   84.21  88.89    16     19   18      2     21    21   100.00
 455   17    0  100.00 100.00    14     14   14      0     17    16    94.12
 456   17    0  100.00 100.00    13     13   13      0     17    17   100.00
 457   18    0   56.25  81.82     9     16   11      0     18    17    94.44
 458   16    0   75.00  81.82     9     12   11      0     16    14    87.50
 459   17    0   91.67  91.67    11     12   12      0     17    17   100.00
 460   16    0   90.00  81.82     9     10   11      1     16    16   100.00
 461   21    0  100.00  94.74    18     18   19      0     21    21   100.00
 462   18    0  100.00 100.00    15     15   15      0     18    17    94.44
 463   21    0   87.50  82.35    14     16   17      0     21    20    95.24
 464   21    0   77.78  70.00    14     18   20      5     21    20    95.24
 465   20    0  100.00 100.00    17     17   17      0     20    20   100.00
 466   20    0   78.57  57.89    11     14   19      2     20    18    90.00
 467   17    0   80.00  80.00    12     15   15      2     17    17   100.00
 468   21    0   81.82  75.00    18     22   24      3     21    19    90.48
 469   18    0   82.35  87.50    14     17   16      2     18    18   100.00
 470   21    0   73.33 100.00    11     15   11      0     21    21   100.00
 471   19    0  100.00  94.12    16     16   17      0     19    19   100.00
 472   19    0  100.00 100.00    17     17   17      0     19    19   100.00
 473   17    0   68.75  84.62    11     16   13      2     17    17   100.00
 474   18    0  100.00 100.00    13     13   13      0     18    18   100.00
 475   17    0   84.62  84.62    11     13   13      1     17    17   100.00
 476   21    0   57.14  63.16    12     21   19      6     21    21   100.00
 477   18    0  100.00 100.00    13     13   13      0     18    18   100.00
 478   18    0   63.64  63.64     7     11   11      3     18    17    94.44
 479   18    0   71.43  76.92    10     14   13      2     18    18   100.00
 480   15    0   78.57  91.67    11     14   12      1     15    14    93.33
 481   18    0   68.75  73.33    11     16   15      4     18    15    83.33
 482   12    0   83.33  90.91    10     12   11      0     12    12   100.00
 483   19    0   95.00  95.00    19     20   20      0     19    19   100.00
 484   15    0   86.67  92.86    13     15   14      0     15    13    86.67
 485   18    0  100.00 100.00    17     17   17      0     18    17    94.44
 486   21    0   88.89  88.89    16     18   18      1     21    21   100.00
 487   17    0  100.00 100.00    15     15   15      0     17    15    88.24
 488   16    0   66.67  66.67     8     12   12      2     16    16   100.00
 489   16    0   84.62  84.62    11     13   13      2     16    15    93.75
 490   21    0  100.00 100.00    19     19   19      0     21    20    95.24
 491   19    0   80.00  53.33     8     10   15      4     19    19   100.00
 492   16    0  100.00 100.00    13     13   13      0     16    16   100.00
 493   17    0  100.00 100.00    15     15   15      0     17    17   100.00
 494   20    0   81.25  86.67    13     16   15      1     20    16    80.00
 495   19    0  100.00  94.12    16     16   17      0     19    19   100.00
 496   15    0   90.00  90.00     9     10   10      0     15    15   100.00
 497   19    0   72.22  76.47    13     18   17      3     19    18    94.74
 498   15    0   85.71  80.00    12     14   15      1     15    14    93.33
 499   18    0   94.44  94.44    17     18   18      0     18    18   100.00
 500   17    0   92.31  85.71    12     13   14      0     17    17   100.00
 501   18    0   92.31  85.71    12     13   14      0     18    17    94.44
 502   17    0  100.00 100.00    15     15   15      0     17    17   100.00
 503   15    0  100.00 100.00    11     11   11      0     15    15   100.00
 504   18    0   88.89  88.89    16     18   18      1     18    18   100.00
 505   12    0  100.00 100.00    10     10   10      0     12    10    83.33
 506   20    0   92.31  92.31    12     13   13      0     20    20   100.00
 507   16    0   90.91  76.92    10     11   13      1     16    16   100.00
 508   16    0   69.23  69.23     9     13   13      2     16    15    93.75
 509   17    0  100.00 100.00    12     12   12      0     17    17   100.00
 510   17    0  100.00 100.00    13     13   13      0     17    17   100.00
 511   18    0  100.00 100.00    13     13   13      0     18    18   100.00
 512   17    0  100.00 100.00    10     10   10      0     17    14    82.35
 513   19    0  100.00  83.33    10     10   12      0     19    19   100.00
 514   16    0  100.00  92.31    12     12   13      0     16    15    93.75
 515   21    0   93.33  93.33    14     15   15      0     21    20    95.24
 516   21    0   76.19  76.19    16     21   21      2     21    20    95.24
 517   20    0   88.89  94.12    16     18   17      0     20    19    95.00
 518   19    0   81.25  92.86    13     16   14      0     19    17    89.47
 519   20    0   68.42  86.67    13     19   15      1     20    20   100.00
 520   21    0   94.44  89.47    17     18   19      0     21    21   100.00
 521   20    0  100.00 100.00    18     18   18      0     20    19    95.00
 522   19    0   75.00  80.00    12     16   15      2     19    18    94.74
 523   17    0   80.00  85.71    12     15   14      0     17    17   100.00
 524   17    0   66.67  80.00     8     12   10      2     17    17   100.00
 525   17    0  100.00 100.00    14     14   14      0     17    17   100.00
 526   19    0   87.50  93.33    14     16   15      0     19    19   100.00
 527   16    0  100.00 100.00    11     11   11      0     16    16   100.00
 528   17    0   75.00  81.82     9     12   11      1     17    17   100.00
 529   20    0   81.25  81.25    13     16   16      2     20    20   100.00
 530   18    0   53.33  61.54     8     15   13      4     18    17    94.44
 531   17    0  100.00 100.00    14     14   14      0     17    17   100.00
 532   23    0   91.67 100.00    22     24   22      0     23    22    95.65
 533   21    0   82.35  77.78    14     17   18      2     21    19    90.48
 534   25    0   95.24 100.00    20     21   20      0     25    25   100.00
 535   22    0   88.89  80.00    16     18   20      0     22    20    90.91
 536   22    0   92.86  92.86    13     14   14      0     22    21    95.45
 537   19    0   78.57  64.71    11     14   17      1     19    18    94.74
 538   23    0  100.00  92.86    13     13   14      0     23    23   100.00
 539   23    0   92.00 100.00    23     25   23      0     23    23   100.00
 540   21    0   80.00  80.00    12     15   15      2     21    19    90.48
 541   24    0   56.25  52.94     9     16   17      5     24    24   100.00
 542   22    0   93.75 100.00    15     16   15      0     22    20    90.91
 543   22    0  100.00 100.00    22     22   22      0     22    20    90.91
 544   23    0   83.33  83.33    20     24   24      3     23    23   100.00
 545   22    0  100.00 100.00    21     21   21      0     22    20    90.91
 546   25    0  100.00  95.65    22     22   23      0     25    25   100.00
 547   21    0   68.42  68.42    13     19   19      2     21    21   100.00
 548   22    0   92.86  86.67    13     14   15      0     22    21    95.45
 549   21    0   77.78  87.50    14     18   16      0     21    21   100.00
 550   23    0   92.86  76.47    13     14   17      0     23    22    95.65
 551   22    0  100.00 100.00    18     18   18      0     22    22   100.00
 552   24    0  100.00  93.33    14     14   15      0     24    23    95.83
 553   22    0   71.43  71.43    10     14   14      3     22    21    95.45
 554   19    0   50.00  66.67     6     12    9      1     19    19   100.00
 555   20    0  100.00  93.33    14     14   15      0     20    16    80.00
 556   23    0   57.89  68.75    11     19   16      4     23    22    95.65
 557   23    0   66.67  63.16    12     18   19      3     23    23   100.00
 558   23    0  100.00 100.00    21     21   21      0     23    23   100.00
 559   26    0   75.00  78.95    15     20   19      3     26    25    96.15
 560   24    0   90.91 100.00    20     22   20      0     24    23    95.83
 561   21    0   80.00  84.21    16     20   19      2     21    20    95.24
 562   23    0   72.22  76.47    13     18   17      1     23    22    95.65
 563   21    0   94.12  94.12    16     17   17      0     21    21   100.00
 564   24    0   47.62  52.63    10     21   19      8     24    22    91.67
 565   20    0   84.62  73.33    11     13   15      0     20    20   100.00
 566   22    0   76.47  81.25    13     17   16      1     22    22   100.00
 567   22    0   88.89  76.19    16     18   21      4     22    22   100.00
 568   25    0   66.67  70.59    12     18   17      3     25    24    96.00
 569   24    0   59.09  86.67    13     22   15      1     24    23    95.83
 570   23    0  100.00 100.00    19     19   19      0     23    22    95.65
 571   21    0  100.00  94.12    16     16   17      0     21    20    95.24
 572   21    0   78.95  83.33    15     19   18      2     21    21   100.00
 573   25    0   90.00  90.00    18     20   20      0     25    25   100.00
 574   20    0  100.00 100.00    18     18   18      0     20    20   100.00
 575   25    0   83.33  93.75    15     18   16      0     25    23    92.00
 576   23    0  100.00 100.00    22     22   22      0     23    23   100.00
 577   20    0   69.23  64.29     9     13   14      1     20    18    90.00
 578   23    0   59.09  72.22    13     22   18      3     23    23   100.00
 579   22    0   90.48 100.00    19     21   19      0     22    22   100.00
 580   25    0   71.43  68.18    15     21   22      4     25    24    96.00
 581   22    0   84.21  76.19    16     19   21      3     22    21    95.45
 582   21    0   87.50  93.33    14     16   15      0     21    20    95.24
 583   26    0   95.45 100.00    21     22   21      0     26    26   100.00
 584   22    0   82.61  90.48    19     23   21      2     22    21    95.45
 585   22    0   85.71  78.26    18     21   23      2     22    20    90.91
 586   24    0   93.75  83.33    15     16   18      1     24    21    87.50
 587   25    0   88.89  88.89    16     18   18      1     25    21    84.00
 588   25    0   77.78  73.68    14     18   19      4     25    24    96.00
 589   25    0   89.47  94.44    17     19   18      0     25    25   100.00
 590   22    0   76.47  68.42    13     17   19      3     22    20    90.91
 591   23    0   90.00  90.00    18     20   20      0     23    23   100.00
 592   22    0   61.90  76.47    13     21   17      4     22    21    95.45
 593   25    0   72.73  88.89    16     22   18      1     25    25   100.00
 594   23    0   86.67  81.25    13     15   16      1     23    22    95.65
 595   21    0   83.33  83.33    15     18   18      1     21    19    90.48
 596   21    0   70.00  60.87    14     20   23      7     21    21   100.00
 597   21    0   81.25  76.47    13     16   17      2     21    21   100.00
 598   21    0   85.00  80.95    17     20   21      0     21    20    95.24
 599   20    0   94.12  88.89    16     17   18      1     20    19    95.00
 600   22    0  100.00 100.00    18     18   18      0     22    22   100.00
 601   22    0   64.29  64.29     9     14   14      2     22    22   100.00
 602   24    0   68.18  75.00    15     22   20      4     24    24   100.00
 603   23    0   88.89  88.89    16     18   18      0     23    23   100.00
 604   20    0   78.57  78.57    11     14   14      1     20    19    95.00
 605   22    0   77.78  82.35    14     18   17      3     22    20    90.91
 606   22    0   89.47  89.47    17     19   19      1     22    22   100.00
 607   23    0   84.21  88.89    16     19   18      0     23    22    95.65
 608   25    0   95.24  95.24    20     21   21      0     25    25   100.00
 609   25    0   68.42  72.22    13     19   18      2     25    23    92.00
 610   16    0   87.50  82.35    14     16   17      2     16    15    93.75
 611   24    0   92.00  92.00    23     25   25      0     24    21    87.50
 612   22    0   94.44  89.47    17     18   19      0     22    20    90.91
 613   26    0  100.00 100.00    21     21   21      0     26    26   100.00
 614   21    0   75.00  83.33    15     20   18      2     21    20    95.24
 615   23    0  100.00 100.00    20     20   20      0     23    23   100.00
 616   20    0   68.75  73.33    11     16   15      2     20    20   100.00
 617   23    0   72.22  72.22    13     18   18      3     23    23   100.00
 618   24    0   80.95  80.95    17     21   21      3     24    24   100.00
 619   19    0   58.82  62.50    10     17   16      3     19    17    89.47
 620   22    0   94.74 100.00    18     19   18      0     22    21    95.45
 621   21    0   89.47  80.95    17     19   21      0     21    20    95.24
 622   26    0   95.00  95.00    19     20   20      0     26    25    96.15
 623   23    0  100.00 100.00    17     17   17      0     23    23   100.00
 624   24    0   77.78  87.50    14     18   16      0     24    22    91.67
 625   25    0  100.00 100.00    23     23   23      0     25    24    96.00
 626   21    0   68.42  68.42    13     19   19      4     21    20    95.24
 627   21    0   57.89  61.11    11     19   18      5     21    20    95.24
 628   24    0   80.95  77.27    17     21   22      3     24    23    95.83
 629   20    0   83.33  88.24    15     18   17      0     20    20   100.00
 630   21    0   93.75  88.24    15     16   17      0     21    20    95.24
 631   24    0   85.71  94.74    18     21   19      0     24    23    95.83
 632   22    0   68.18  71.43    15     22   21      3     22    21    95.45
 633   20    0   76.47  86.67    13     17   15      1     20    19    95.00
 634   22    0   89.47 100.00    17     19   17      0     22    22   100.00
 635   22    0   90.00 100.00    18     20   18      0     22    21    95.45
 636   24    0   91.30  95.45    21     23   22      0     24    23    95.83
 637   16    0   70.00  70.00     7     10   10      2     16    16   100.00
 638   19    0   80.00  75.00    12     15   16      0     19    17    89.47
 639   16    0  100.00 100.00    14     14   14      0     16    14    87.50
 640   17    0   92.86 100.00    13     14   13      0     17    17   100.00
 641   13    0  100.00 100.00    10     10   10      0     13    13   100.00
 642   21    0   64.71  91.67    11     17   12      1     21    20    95.24
 643   24    0   82.35  93.33    14     17   15      0     24    23    95.83
 644   16    0   85.71  92.31    12     14   13      0     16    16   100.00
 645   17    0  100.00 100.00    14     14   14      0     17    17   100.00
 646   19    0   77.78  93.33    14     18   15      1     19    19   100.00
 647   12    0   77.78  70.00     7      9   10      1     12    12   100.00
 648   20    0   56.25  47.37     9     16   19      6     20    17    85.00
 649   15    0   76.92  83.33    10     13   12      1     15    14    93.33
 650   13    0  100.00 100.00    10     10   10      0     13    12    92.31
 651   14    0  100.00 100.00     9      9    9      0     14    14   100.00
 652   18    0  100.00 100.00    17     17   17      0     18    18   100.00
 653   11    0  100.00 100.00    11     11   11      0     11    10    90.91
 654   22    0   80.95  80.95    17     21   21      1     22    22   100.00
 655   22    0  100.00 100.00    15     15   15      0     22    22   100.00
 656   12    0   80.00  88.89     8     10    9      0     12     9    75.00
 657   17    0   64.29  69.23     9     14   13      2     17    16    94.12
 658   26    0   82.35  87.50    14     17   16      1     26    24    92.31
 659   22    0   77.78  73.68    14     18   19      3     22    19    86.36
 660   23    0   70.00  66.67    14     20   21      4     23    21    91.30
 661   18    0   91.67 100.00    11     12   11      0     18    18   100.00
 662   13    0   54.55  60.00     6     11   10      0     13    12    92.31
 663   21    0   86.67  76.47    13     15   17      0     21    19    90.48
 664   15    0   88.89 100.00     8      9    8      0     15    15   100.00
 665   14    0   77.78  77.78     7      9    9      1     14    14   100.00
 666   15    0   78.57 100.00    11     14   11      0     15    15   100.00
 667   17    0  100.00 100.00    14     14   14      0     17    17   100.00
 668   14    0  100.00 100.00    10     10   10      0     14    13    92.86
 669   21    0   85.71  85.71    12     14   14      1     21    21   100.00
 670   14    0  100.00 100.00    12     12   12      0     14    14   100.00
 671   21    0  100.00 100.00    19     19   19      0     21    21   100.00
 672   21    0   81.25  76.47    13     16   17      2     21    18    85.71
 673   16    0  100.00 100.00    17     17   17      0     16    15    93.75
 674   12    0   63.64  77.78     7     11    9      2     12    10    83.33
 675   24    0   89.47 100.00    17     19   17      0     24    24   100.00
 676   13    0  100.00 100.00    12     12   12      0     13    13   100.00
 677   24    0   91.67  95.65    22     24   23      0     24    23    95.83
 678   15    0  100.00 100.00    12     12   12      0     15    15   100.00
 679   24    0   82.35  73.68    14     17   19      0     24    22    91.67
 680   23    0   94.74 100.00    18     19   18      0     23    22    95.65
 681   20    0   93.33  87.50    14     15   16      0     20    16    80.00
 682   12    0   90.00 100.00     9     10    9      0     12    12   100.00
 683   15    0   75.00  75.00    12     16   16      3     15    14    93.33
 684   17    0   77.78  70.00     7      9   10      0     17    15    88.24
 685   21    0   94.44  94.44    17     18   18      0     21    20    95.24
 686   13    0  100.00 100.00    11     11   11      0     13    13   100.00
 687   11    0  100.00 100.00     8      8    8      0     11     9    81.82
 688   23    0   65.00  61.90    13     20   21      2     23    20    86.96
 689   21    0   95.00 100.00    19     20   19      0     21    21   100.00
 690   12    0   90.91  83.33    10     11   12      0     12    10    83.33
 691   13    0  100.00 100.00     8      8    8      0     13    11    84.62
 692   21    0   86.67 100.00    13     15   13      0     21    21   100.00
 693   12    0   84.62  84.62    11     13   13      1     12    12   100.00
 694   17    0   90.91  62.50    10     11   16      1     17    17   100.00
 695   19    0   87.50 100.00    14     16   14      0     19    19   100.00
 696   16    0   92.86  92.86    13     14   14      0     16    16   100.00
 697   21    0   89.47  77.27    17     19   22      0     21    20    95.24
 698   25    0  100.00 100.00    24     24   24      0     25    25   100.00
 699   17    0   60.00  69.23     9     15   13      4     17    17   100.00
 700   18    0   92.31  85.71    12     13   14      0     18    17    94.44
 701   17    0   85.71 100.00    12     14   12      0     17    17   100.00
 702   21    0   59.09  76.47    13     22   17      3     21    17    80.95
 703   22    0  100.00  95.00    19     19   20      0     22    22   100.00
 704   17    0   93.33  93.33    14     15   15      0     17    17   100.00
 705   12    0  100.00 100.00     8      8    8      0     12    12   100.00
 706   17    0  100.00 100.00    17     17   17      0     17    17   100.00
 707   12    0  100.00 100.00     9      9    9      0     12    12   100.00
 708   17    0  100.00 100.00    15     15   15      0     17    17   100.00
 709   12    0   90.91  90.91    10     11   11      0     12    12   100.00
 710   11    0  100.00 100.00     7      7    7      0     11    11   100.00
 711   13    0  100.00 100.00    10     10   10      0     13    13   100.00
 712   12    0  100.00  88.89     8      8    9      0     12    11    91.67
 713   19    0   83.33  78.95    15     18   19      2     19    17    89.47
 714   21    0   94.44 100.00    17     18   17      0     21    20    95.24
 715   21    0  100.00 100.00    18     18   18      0     21    21   100.00
 716   23    0  100.00 100.00    21     21   21      0     23    22    95.65
 717   13    0   80.00  88.89     8     10    9      0     13     9    69.23
 718   23    0   83.33  78.95    15     18   19      1     23    23   100.00
 719   26    0   90.00  85.71    18     20   21      1     26    26   100.00
 720   13    0   86.67 100.00    13     15   13      0     13    13   100.00
 721   15    0   85.71  85.71    12     14   14      0     15    14    93.33
 722   13    0  100.00 100.00     9      9    9      0     13    12    92.31
 723   24    0   91.30  91.30    21     23   23      1     24    24   100.00
 724   17    0   76.47  81.25    13     17   16      1     17    17   100.00
 725   24    0   94.74  94.74    18     19   19      0     24    23    95.83
 726   16    0   69.23  69.23     9     13   13      1     16    16   100.00
 727   15    0  100.00 100.00    14     14   14      0     15    14    93.33
 728   13    0  100.00 100.00    10     10   10      0     13    13   100.00
 729   11    0  100.00 100.00    11     11   11      0     11    11   100.00
 730   17    0   86.67  86.67    13     15   15      1     17    17   100.00
 731   14    0   76.92  90.91    10     13   11      1     14    14   100.00
 732   24    0   64.71  91.67    11     17   12      1     24    24   100.00
 733   25    0  100.00  96.00    24     24   25      0     25    25   100.00
 734   21    0   78.57  61.11    11     14   18      2     21    21   100.00
 735   16    0  100.00 100.00    14     14   14      0     16    15    93.75
 736   13    0  100.00 100.00    11     11   11      0     13    12    92.31
 737   14    0  100.00 100.00    13     13   13      0     14    14   100.00
 738   24    0   68.18  71.43    15     22   21      4     24    22    91.67
 739   18    0  100.00 100.00    14     14   14      0     18    18   100.00
 740   11    0  100.00 100.00    11     11   11      0     11    11   100.00
 741   14    0  100.00 100.00    10     10   10      0     14    14   100.00
 742   24    0   90.91  95.24    20     22   21      0     24    23    95.83
 743   17    0   87.50  87.50    14     16   16      1     17    17   100.00
 744   19    0   87.50  87.50    14     16   16      0     19    19   100.00
 745   27    0   92.00  92.00    23     25   25      1     27    26    96.30
 746   11    0  100.00 100.00     9      9    9      0     11    11   100.00
 747   23    0   85.00  80.95    17     20   21      0     23    23   100.00
 748   24    0   91.67  95.65    22     24   23      0     24    24   100.00
 749   17    0  100.00 100.00    14     14   14      0     17    17   100.00
 750   14    0   81.82  90.00     9     11   10      0     14    12    85.71
 751   21    0   88.24  78.95    15     17   19      0     21    18    85.71
 752   17    0  100.00 100.00    12     12   12      0     17    17   100.00
 753   17    0  100.00 100.00    14     14   14      0     17    16    94.12
 754   11    0  100.00 100.00     9      9    9      0     11    10    90.91
 755   13    0   83.33  83.33    10     12   12      0     13    13   100.00
 756   22    0   71.43  83.33    10     14   12      1     22    22   100.00
 757   27    0   90.48  82.61    19     21   23      0     27    25    92.59
 758   29    0   62.96  62.96    17     27   27      6     29    28    96.55
 759   27    0   95.65 100.00    22     23   22      0     27    27   100.00
 760   27    0   66.67  62.50    10     15   16      2     27    27   100.00
 761   29    0   75.00  75.00    15     20   20      1     29    25    86.21
 762   25    0   82.35  82.35    14     17   17      2     25    23    92.00
 763   30    0   82.14  88.46    23     28   26      3     30    27    90.00
 764   27    0   91.67  95.65    22     24   23      0     27    27   100.00
 765   29    0   96.00 100.00    24     25   24      0     29    29   100.00
 766   25    0  100.00 100.00    23     23   23      0     25    25   100.00
 767   29    0   89.47  89.47    17     19   19      1     29    27    93.10
 768   25    0   62.50  71.43    10     16   14      1     25    23    92.00
 769   27    0   83.33  83.33    20     24   24      3     27    26    96.30
 770   27    0  100.00 100.00    16     16   16      0     27    27   100.00
 771   28    0   72.73  80.00    16     22   20      3     28    25    89.29
 772   30    0   86.36  90.48    19     22   21      0     30    28    93.33
 773   31    0   79.31  85.19    23     29   27      4     31    30    96.77
 774   27    0   66.67  66.67    14     21   21      5     27    27   100.00
 775   30    0   96.15  86.21    25     26   29      0     30    28    93.33
 776   27    0   89.47 100.00    17     19   17      0     27    25    92.59
 777   28    0   95.45  95.45    21     22   22      0     28    28   100.00
 778   27    0   73.91  77.27    17     23   22      3     27    27   100.00
 779   27    0   90.48  95.00    19     21   20      0     27    26    96.30
 780   13    0   75.00  75.00     9     12   12      2     13    12    92.31
 781   31    0   96.00  92.31    24     25   26      0     31    31   100.00
 782   29    0   90.48  90.48    19     21   21      0     29    28    96.55
 783   26    0   68.18  75.00    15     22   20      4     26    25    96.15
 784   28    0   90.91  95.24    20     22   21      0     28    27    96.43
 785   29    0   96.43  90.00    27     28   30      0     29    28    96.55
 786   28    0   90.48  86.36    19     21   22      0     28    27    96.43
 787   28    0   86.96  90.91    20     23   22      0     28    27    96.43
 788   30    0   84.00  84.00    21     25   25      0     30    28    93.33
 789   28    0  100.00 100.00    24     24   24      0     28    27    96.43
 790   26    0   95.65 100.00    22     23   22      0     26    25    96.15
 791   29    0   96.55  96.55    28     29   29      0     29    28    96.55
 792   27    0   70.00  70.00    14     20   20      2     27    26    96.30
 793   27    0   90.91  95.24    20     22   21      0     27    26    96.30
 794   28    0  100.00 100.00    25     25   25      0     28    27    96.43
 795   27    0   74.07  80.00    20     27   25      3     27    25    92.59
 796   30    0   92.00  88.46    23     25   26      1     30    30   100.00
 797   31    0   84.00  87.50    21     25   24      2     31    31   100.00
 798   27    0   81.82  90.00    18     22   20      1     27    25    92.59
 799   30    0   86.96  83.33    20     23   24      3     30    29    96.67
 800   28    0   95.00 100.00    19     20   19      0     28    27    96.43
 801   26    0   81.82  81.82    18     22   22      3     26    23    88.46
 802   23    0   73.68  77.78    14     19   18      1     23    23   100.00
 803   23    0   95.00  95.00    19     20   20      0     23    22    95.65
 804   25    0   85.71  81.82    18     21   22      1     25    24    96.00
 805   31    0   96.15  96.15    25     26   26      0     31    30    96.77
 806   29    0   91.67  88.00    22     24   25      2     29    28    96.55
 807   26    0   66.67  87.50    14     21   16      1     26    23    88.46
 808   27    0   73.91  73.91    17     23   23      5     27    27   100.00
 809   30    0   85.19  82.14    23     27   28      2     30    27    90.00
 810   26    0   95.45 100.00    21     22   21      0     26    25    96.15
 811   28    0  100.00 100.00    23     23   23      0     28    28   100.00
 812   26    0   87.50  91.30    21     24   23      1     26    26   100.00
 813   25    0   65.00  76.47    13     20   17      1     25    25   100.00
 814   27    0   91.67  95.65    22     24   23      0     27    27   100.00
 815   31    0   83.33  86.21    25     30   29      2     31    29    93.55
 816   27    0   75.00  83.33    15     20   18      2     27    26    96.30
 817   26    0   72.73  76.19    16     22   21      3     26    25    96.15
 818   23    0   70.59  85.71    12     17   14      1     23    22    95.65
 819   26    0   80.95  80.95    17     21   21      1     26    21    80.77
 820   28    0   80.00  69.57    16     20   23      3     28    28   100.00
 821   31    0  100.00  96.30    26     26   27      0     31    31   100.00
 822   29    0   92.00  92.00    23     25   25      1     29    29   100.00
 823   27    0   70.83  80.95    17     24   21      3     27    24    88.89
 824   31    0   96.55  96.55    28     29   29      0     31    30    96.77
 825   28    0   86.96  86.96    20     23   23      1     28    26    92.86
 826   28    0   70.83  65.38    17     24   26      4     28    26    92.86
 827   28    0   80.95  77.27    17     21   22      4     28    27    96.43
 828   24    0   68.42  76.47    13     19   17      2     24    24   100.00
 829   24    0   70.00  70.00    14     20   20      2     24    22    91.67
 830   30    0   85.19 100.00    23     27   23      0     30    27    90.00
 831   31    0   80.00  80.00    24     30   30      2     31    23    74.19
 832   32    0   72.41  80.77    21     29   26      0     32    30    93.75
 833   34    0   90.00  96.43    27     30   28      1     34    34   100.00
 834   35    0  100.00  96.30    26     26   27      0     35    35   100.00
 835   32    0   73.68  77.78    14     19   18      3     32    32   100.00
 836   33    0  100.00  88.89    24     24   27      0     33    33   100.00
 837   29    0   64.00  72.73    16     25   22      4     29    28    96.55
 838   30    0   82.61  90.48    19     23   21      1     30    30   100.00
 839   32    0  100.00 100.00    24     24   24      0     32    31    96.88
 840   31    0   58.33  66.67    14     24   21      3     31    31   100.00
 841   31    0  100.00 100.00    27     27   27      0     31    31   100.00
 842   35    0   75.86  78.57    22     29   28      2     35    34    97.14
 843   34    0   85.71  94.74    18     21   19      1     34    34   100.00
 844   31    0   93.33  93.33    28     30   30      1     31    30    96.77
 845   32    0   80.65  80.65    25     31   31      2     32    32   100.00
 846   34    0   70.97  78.57    22     31   28      6     34    33    97.06
 847   28    0   76.19  72.73    16     21   22      2     28    24    85.71
 848   31    0   58.33  58.33    14     24   24      6     31    31   100.00
 849   33    0   72.73  75.00    24     33   32      7     33    33   100.00
 850   34    0   81.82  87.10    27     33   31      0     34    31    91.18
 851   31    0   78.57  84.62    22     28   26      2     31    30    96.77
 852   34    0   75.86  81.48    22     29   27      0     34    32    94.12
 853   32    0   91.30  91.30    21     23   23      1     32    32   100.00
 854   33    0   64.29  75.00    18     28   24      3     33    31    93.94
 855   31    0   86.36  86.36    19     22   22      1     31    30    96.77
 856   30    0   65.22  78.95    15     23   19      1     30    28    93.33
 857   31    0   88.89  85.71    24     27   28      2     31    30    96.77
 858   24    0   86.67  81.25    13     15   16      1     24    23    95.83
 859   28    0   88.24  83.33    15     17   18      2     28    27    96.43
 860   31    0   75.00  75.00    21     28   28      2     31    29    93.55
 861   32    0   92.59  92.59    25     27   27      1     32    32   100.00
 862   30    0   95.65  95.65    22     23   23      1     30    29    96.67
 863   33    0   69.70  82.14    23     33   28      2     33    30    90.91
 864   18    0   69.23  64.29     9     13   14      3     18    17    94.44
 865   29    0   84.62  88.00    22     26   25      2     29    27    93.10
 866   34    0   56.67  56.67    17     30   30      7     34    33    97.06
 867   31    0   86.96  90.91    20     23   22      1     31    30    96.77
 868   32    0   87.50  87.50    21     24   24      3     32    31    96.88
 869   26    0  100.00 100.00    15     15   15      0     26    26   100.00
 870   29    0   84.62  91.67    22     26   24      2     29    29   100.00
 871   33    0   77.42  82.76    24     31   29      3     33    33   100.00
 872   30    0   90.91  90.91    20     22   22      0     30    29    96.67
 873   43    0  100.00 100.00    40     40   40      0     43    42    97.67
 874   38    0   75.76  78.12    25     33   32      3     38    35    92.11
 875   48    0   64.29  90.00    18     28   20      1     48    46    95.83
 876   39    0   81.25  89.66    26     32   29      2     39    37    94.87
 877   97    0   85.54  78.02    71     83   91      9     97    97   100.00
 878   55    0   84.09  80.43    37     44   46      4     55    54    98.18
 879   42    0   97.44  97.44    38     39   39      0     42    42   100.00
 880   49    0   75.00  84.38    27     36   32      5     49    49   100.00
 881   51    0   85.37  81.40    35     41   43      3     51    50    98.04
 882   39    0   67.86  70.37    19     28   27      3     39    39   100.00
 883   40    0   80.00  80.00    16     20   20      3     40    40   100.00
 884   42    0   96.43  96.43    27     28   28      0     42    41    97.62
 885   37    0   78.12  73.53    25     32   34      5     37    35    94.59
 886   35    0   82.14  79.31    23     28   29      4     35    34    97.14
 887   40    0   81.25  86.67    13     16   15      1     40    37    92.50
 888   35    0   80.77  72.41    21     26   29      2     35    33    94.29
 889   37    0   67.74  72.41    21     31   29      3     37    35    94.59
 890   36    0   90.00  96.43    27     30   28      1     36    35    97.22
 891   43    0   82.86  85.29    29     35   34      4     43    42    97.67
 892   88    0   66.13  70.69    41     62   58      6     88    85    96.59
 893   63    0   83.67  87.23    41     49   47      3     63    62    98.41
 894   36    0   66.67  53.33     8     12   15      4     36    32    88.89
 895   38    0   70.59  64.86    24     34   37      5     38    37    97.37
 896   37    0   53.12  94.44    17     32   18      1     37    37   100.00
 897   50    0   97.50 100.00    39     40   39      0     50    50   100.00
 898   54    0   90.24  88.10    37     41   42      1     54    53    98.15
 899   38    0  100.00 100.00    31     31   31      0     38    36    94.74
 900   39    0   77.78  77.78    21     27   27      4     39    39   100.00
 901   41    0   91.43  88.89    32     35   36      1     41    40    97.56
 902   48    0   73.53  71.43    25     34   35      5     48    45    93.75
 903   42    0   94.29  94.29    33     35   35      0     42    40    95.24
 904   56    0   83.33  85.37    35     42   41      1     56    54    96.43
 905   40    0   70.83  68.00    17     24   25      5     40    39    97.50
 906   67    0   94.34  94.34    50     53   53      0     67    63    94.03
 907   39    0   74.29  81.25    26     35   32      4     39    38    97.44
 908   36    0  100.00 100.00    29     29   29      0     36    35    97.22
 909   45    0   76.67  76.67    23     30   30      2     45    43    95.56
 910   39    0   94.59  94.59    35     37   37      0     39    39   100.00
 911   41    0   94.12  91.43    32     34   35      1     41    40    97.56
 912   42    0   82.86  90.62    29     35   32      1     42    38    90.48
 913   33    0   86.96  86.96    20     23   23      1     33    31    93.94
 914   39    0  100.00  97.06    33     33   34      0     39    38    97.44
 915   39    0   72.00  60.00    18     25   30      6     39    36    92.31
 916   37    0   94.29  94.29    33     35   35      0     37    36    97.30
 917   48    0   95.74  97.83    45     47   46      0     48    47    97.92
 918   37    0   63.64  70.00    21     33   30      5     37    36    97.30
 919   36    0   73.08  73.08    19     26   26      1     36    33    91.67
 920   40    0   61.11  66.67    22     36   33      6     40    34    85.00
 921   59    0   80.39  85.42    41     51   48      4     59    58    98.31
 922   35    0   96.30  92.86    26     27   28      0     35    33    94.29
 923   42    0   91.67  94.29    33     36   35      1     42    42   100.00
 924   36    0   93.33  93.33    28     30   30      2     36    36   100.00
 925   47    0   76.92  68.18    30     39   44      4     47    45    95.74
 926   34    0   76.00  82.61    19     25   23      3     34    32    94.12
 927   31    0   60.87  70.00    14     23   20      3     31    31   100.00
 928   42    0   85.71  90.91    30     35   33      1     42    37    88.10
 929   44    0   75.00  66.67    24     32   36      4     44    43    97.73
 930   71    0   70.31  70.31    45     64   64      8     71    68    95.77
 931   38    0   80.56  80.56    29     36   36      1     38    36    94.74
 932   34    0   83.33  80.65    25     30   31      2     34    34   100.00
 933   30    0  100.00 100.00    24     24   24      0     30    30   100.00
 934   34    0   92.59  96.15    25     27   26      0     34    32    94.12
 935   34    0   96.55  96.55    28     29   29      0     34    34   100.00
 936   31    0   85.71  92.31    24     28   26      2     31    29    93.55
 937   26    0   86.96  83.33    20     23   24      1     26    25    96.15
 938   28    0   78.26  81.82    18     23   22      3     28    28   100.00
 939   40    0  100.00 100.00    32     32   32      0     40    36    90.00
 940   43    0   97.30  94.74    36     37   38      1     43    41    95.35
 941   34    0   83.33  86.21    25     30   29      0     34    33    97.06
 942   39    0  100.00 100.00    36     36   36      0     39    38    97.44
 943   39    0   75.00  77.42    24     32   31      3     39    35    89.74
 944   39    0   74.29  86.67    26     35   30      4     39    38    97.44
 945   65    0   83.02  83.02    44     53   53      5     65    62    95.38
 946   26    0   72.22  81.25    13     18   16      0     26    24    92.31
 947   56    0   85.11  90.91    40     47   44      2     56    53    94.64
 948   36    0   84.00  80.77    21     25   26      2     36    36   100.00
 949   30    0   88.00  88.00    22     25   25      0     30    29    96.67
 950   35    0   78.57  81.48    22     28   27      2     35    33    94.29
 951   26    0   86.96  95.24    20     23   21      0     26    26   100.00
 952   33    0   88.46  88.46    23     26   26      2     33    31    93.94
 953   29    0  100.00 100.00    23     23   23      0     29    29   100.00
 954   49    0   92.50  97.37    37     40   38      0     49    48    97.96
 955   39    0   83.33  85.71    30     36   35      1     39    37    94.87
 956   36    0   51.52  54.84    17     33   31      9     36    35    97.22
 957   33    0   96.55 100.00    28     29   28      0     33    33   100.00
 958   44    0   75.00  69.77    30     40   43      5     44    42    95.45
 959   33    0   71.43  71.43    20     28   28      5     33    30    90.91
 960   31    0   96.30  96.30    26     27   27      0     31    30    96.77
 961   27    0   89.47  89.47    17     19   19      1     27    27   100.00
 962   36    0   93.10  96.43    27     29   28      0     36    36   100.00
 963   32    0   67.74  67.74    21     31   31      5     32    30    93.75
 964   30    0   88.00  91.67    22     25   24      1     30    28    93.33
 965   29    0   92.31  88.89    24     26   27      0     29    28    96.55
 966   26    0  100.00 100.00    18     18   18      0     26    26   100.00
 967   31    0   92.00  92.00    23     25   25      1     31    31   100.00
 968   28    0   85.19  85.19    23     27   27      0     28    27    96.43
 969   30    0   81.82  81.82    18     22   22      1     30    28    93.33
 970   26    0   90.00  85.71    18     20   21      0     26    25    96.15
 971   37    0   88.24  83.33    30     34   36      3     37    36    97.30
 972   26    0  100.00  94.74    18     18   19      0     26    25    96.15
 973   32    0   75.00  87.50    21     28   24      0     32    32   100.00
============================================================================
                 85.69  86.73  12809 14948 14769    833  18467 17782    96.29
=== Summary ===

-- All --
Number of sentence        =    973
Number of Error sentence  =      0
Number of Skip  sentence  =      0
Number of Valid sentence  =    973
Bracketing Recall         =  85.69
Bracketing Precision      =  86.73
Bracketing FMeasure       =  86.21
Complete match            =  33.50
Average crossing          =   0.86
No crossing               =  63.31
2 or less crossing        =  86.84
Tagging accuracy          =  96.29

-- len<=100 --
Number of sentence        =    973
Number of Error sentence  =      0
Number of Skip  sentence  =      0
Number of Valid sentence  =    973
Bracketing Recall         =  85.69
Bracketing Precision      =  86.73
Bracketing FMeasure       =  86.21
Complete match            =  33.50
Average crossing          =   0.86
No crossing               =  63.31
2 or less crossing        =  86.84
Tagging accuracy          =  96.29
