  Sent.                        Matched  Bracket   Cross        Correct Tag
 ID  Len.  Stat. Recal  Prec.  Bracket gold test Bracket Words  Tags Accracy
============================================================================
   1    5    0  100.00 100.00     5      5    5      0      5     3    60.00
   2   10    0  100.00 100.00    10     10   10      0     10     8    80.00
   3    7    0  100.00 100.00     6      6    6      0      7     5    71.43
   4   10    0   71.43  71.43     5      7    7      1     10     8    80.00
   5    5    0  100.00 100.00     3      3    3      0      5     4    80.00
   6    9    0   33.33  66.67     2      6    3      1      9     7    77.78
   7    8    0   85.71  75.00     6      7    8      0      8     6    75.00
   8   10    0  100.00 100.00     7      7    7      0     10     7    70.00
   9   10    0   87.50  87.50     7      8    8      0     10     8    80.00
  10   11    0  100.00 100.00    10     10   10      0     11    10    90.91
  11    6    0   83.33  83.33     5      6    6      0      6     4    66.67
  12    7    0   80.00 100.00     4      5    4      0      7     6    85.71
  13    6    0   66.67  50.00     2      3    4      0      6     5    83.33
  14    3    0  100.00 100.00     3      3    3      0      3     2    66.67
  15    6    0  100.00 100.00     4      4    4      0      6     5    83.33
  16   10    0  100.00 100.00    10     10   10      0     10     7    70.00
  17   11    0   72.73  72.73     8     11   11      2     11     8    72.73
  18   10    0   71.43  83.33     5      7    6      0     10     8    80.00
  19   10    0  100.00 100.00     8      8    8      0     10     7    70.00
  20    8    0  100.00 100.00     6      6    6      0      8     6    75.00
  21    5    0  100.00 100.00     4      4    4      0      5     4    80.00
  22    9    0   90.00  90.00     9     10   10      0      9     6    66.67
  23   11    0  100.00 100.00     6      6    6      0     11    10    90.91
  24    9    0  100.00  88.89     8      8    9      0      9     5    55.56
  25   10    0  100.00 100.00     7      7    7      0     10     8    80.00
  26   10    0  100.00 100.00     5      5    5      0     10     9    90.00
  27   11    0  100.00 100.00     8      8    8      0     11     9    81.82
  28   10    0  100.00 100.00     6      6    6      0     10     8    80.00
  29    7    0  100.00 100.00     6      6    6      0      7     5    71.43
  30    5    0  100.00 100.00     5      5    5      0      5     4    80.00
  31    6    0   80.00  80.00     4      5    5      0      6     4    66.67
  32    6    0   80.00  80.00     4      5    5      0      6     5    83.33
  33   11    0  100.00 100.00     7      7    7      0     11     9    81.82
  34    9    0   80.00  66.67     4      5    6      0      9     8    88.89
  35   11    0  100.00 100.00     7      7    7      0     11     8    72.73
  36   11    0  100.00 100.00    10     10   10      0     11     8    72.73
  37    8    0   33.33  40.00     2      6    5      2      8     6    75.00
  38    6    0  100.00 100.00     5      5    5      0      6     5    83.33
  39   10    0  100.00 100.00     5      5    5      0     10     8    80.00
  40   10    0   81.82  81.82     9     11   11      1     10     8    80.00
  41   11    0   87.50  87.50     7      8    8      0     11     9    81.82
  42   11    0   62.50  71.43     5      8    7      1     11     9    81.82
  43    8    0  100.00 100.00     6      6    6      0      8     6    75.00
  44    5    0  100.00 100.00     4      4    4      0      5     4    80.00
  45   10    0  100.00 100.00     6      6    6      0     10     9    90.00
  46    9    0   50.00 100.00     3      6    3      0      9     7    77.78
  47   11    0  100.00 100.00     8      8    8      0     11     8    72.73
  48    9    0  100.00 100.00     9      9    9      0      9     7    77.78
  49   10    0   88.89  88.89     8      9    9      0     10     7    70.00
  50    6    0  100.00 100.00     6      6    6      0      6     4    66.67
  51    6    0  100.00 100.00     3      3    3      0      6     5    83.33
  52    7    0  100.00 100.00     6      6    6      0      7     6    85.71
  53    7    0  100.00 100.00     8      8    8      0      7     6    85.71
  54    9    0  100.00 100.00     6      6    6      0      9     7    77.78
  55   10    0  100.00 100.00     6      6    6      0     10     9    90.00
  56    7    0  100.00 100.00     6      6    6      0      7     5    71.43
  57   11    0  100.00 100.00     7      7    7      0     11     8    72.73
  58    8    0  100.00 100.00     5      5    5      0      8     7    87.50
  59   10    0  100.00 100.00     6      6    6      0     10     8    80.00
  60    6    0  100.00 100.00     5      5    5      0      6     4    66.67
  61    5    0  100.00 100.00     4      4    4      0      5     4    80.00
  62    7    0  100.00 100.00     6      6    6      0      7     6    85.71
  63    6    0  100.00 100.00     6      6    6      0      6     4    66.67
  64   11    0  100.00 100.00     6      6    6      0     11     9    81.82
  65    8    0  100.00 100.00     4      4    4      0      8     7    87.50
  66    8    0  100.00 100.00     6      6    6      0      8     6    75.00
  67   10    0   57.14  50.00     4      7    8      2     10     9    90.00
  68    8    0  100.00 100.00     4      4    4      0      8     7    87.50
  69   11    0   66.67  85.71     6      9    7      0     11     9    81.82
  70    8    0  100.00 100.00     6      6    6      0      8     6    75.00
  71    8    0  100.00  90.00     9      9   10      0      8     7    87.50
  72    5    0  100.00 100.00     4      4    4      0      5     4    80.00
  73    9    0   83.33  71.43     5      6    7      0      9     7    77.78
  74   10    0  100.00 100.00     7      7    7      0     10     8    80.00
  75   10    0  100.00 100.00     8      8    8      0     10     8    80.00
  76    8    0  100.00 100.00     7      7    7      0      8     6    75.00
  77    7    0  100.00 100.00     5      5    5      0      7     6    85.71
  78    9    0  100.00 100.00     7      7    7      0      9     7    77.78
  79    9    0  100.00 100.00     8      8    8      0      9     6    66.67
  80    6    0  100.00 100.00     5      5    5      0      6     5    83.33
  81   11    0  100.00 100.00    10     10   10      0     11     9    81.82
  82    5    0  100.00 100.00     3      3    3      0      5     4    80.00
  83    9    0  100.00 100.00     5      5    5      0      9     7    77.78
  84    9    0  100.00  85.71     6      6    7      0      9     6    66.67
  85    9    0  100.00 100.00     9      9    9      0      9     7    77.78
  86   11    0  100.00 100.00     9      9    9      0     11     8    72.73
  87    7    0  100.00 100.00     6      6    6      0      7     5    71.43
  88   11    0  100.00 100.00     9      9    9      0     11    10    90.91
  89   11    0   87.50  77.78     7      8    9      1     11     9    81.82
  90    6    0  100.00 100.00     5      5    5      0      6     4    66.67
  91    6    0  100.00 100.00     5      5    5      0      6     4    66.67
  92    4    0  100.00 100.00     3      3    3      0      4     3    75.00
  93    7    0  100.00 100.00     5      5    5      0      7     6    85.71
  94    9    0  100.00 100.00     9      9    9      0      9     6    66.67
  95   10    0  100.00 100.00    10     10   10      0     10     7    70.00
  96   11    0  100.00 100.00     8      8    8      0     11     9    81.82
  97    8    0  100.00 100.00     5      5    5      0      8     7    87.50
  98   10    0   71.43  83.33     5      7    6      0     10     9    90.00
  99    9    0  100.00 100.00     7      7    7      0      9     6    66.67
 100    8    0   50.00  75.00     3      6    4      1      8     6    75.00
 101    9    0   57.14  57.14     4      7    7      2      9     6    66.67
 102   10    0  100.00  85.71     6      6    7      0     10     8    80.00
 103    8    0  100.00 100.00     5      5    5      0      8     7    87.50
 104   10    0   50.00  66.67     4      8    6      2     10     7    70.00
 105   10    0  100.00 100.00     7      7    7      0     10     8    80.00
 106    5    0  100.00 100.00     4      4    4      0      5     4    80.00
 107    8    0  100.00 100.00     5      5    5      0      8     7    87.50
 108    9    0  100.00 100.00     9      9    9      0      9     8    88.89
 109    9    0  100.00 100.00     6      6    6      0      9     7    77.78
 110   10    0  100.00 100.00     9      9    9      0     10     7    70.00
 111    9    0   75.00  66.67     6      8    9      1      9     7    77.78
 112   10    0  100.00 100.00     8      8    8      0     10     8    80.00
 113    7    0  100.00 100.00     7      7    7      0      7     5    71.43
 114    9    0   33.33 100.00     2      6    2      0      9     7    77.78
 115   10    0   90.00 100.00     9     10    9      0     10     8    80.00
 116    9    0  100.00 100.00     9      9    9      0      9     7    77.78
 117    6    0  100.00 100.00     5      5    5      0      6     5    83.33
 118   11    0  100.00 100.00     9      9    9      0     11    10    90.91
 119    6    0  100.00 100.00     5      5    5      0      6     4    66.67
 120    6    0  100.00 100.00     6      6    6      0      6     4    66.67
 121   11    0  100.00 100.00     9      9    9      0     11     8    72.73
 122   11    0  100.00 100.00    10     10   10      0     11    10    90.91
 123    7    0  100.00 100.00     5      5    5      0      7     6    85.71
 124   11    0  100.00 100.00     9      9    9      0     11     9    81.82
 125    6    0  100.00 100.00     5      5    5      0      6     4    66.67
 126   10    0  100.00 100.00     8      8    8      0     10     7    70.00
 127    7    0   50.00  60.00     3      6    5      0      7     6    85.71
 128   11    0  100.00 100.00     8      8    8      0     11     9    81.82
 129   10    0   87.50  87.50     7      8    8      0     10     7    70.00
 130    9    0  100.00 100.00     7      7    7      0      9     6    66.67
 131    8    0  100.00 100.00     6      6    6      0      8     7    87.50
 132    9    0   85.71 100.00     6      7    6      0      9     7    77.78
 133    7    0  100.00 100.00     6      6    6      0      7     6    85.71
 134    9    0  100.00 100.00     8      8    8      0      9     7    77.78
 135   11    0   83.33  71.43     5      6    7      0     11     9    81.82
 136   10    0  100.00 100.00     5      5    5      0     10     9    90.00
 137    8    0  100.00 100.00     5      5    5      0      8     7    87.50
 138    6    0  100.00 100.00     4      4    4      0      6     5    83.33
 139    8    0  100.00 100.00     9      9    9      0      8     6    75.00
 140   10    0  100.00 100.00     6      6    6      0     10     9    90.00
 141    6    0  100.00 100.00     4      4    4      0      6     5    83.33
 142    6    0  100.00 100.00     4      4    4      0      6     5    83.33
 143    6    0  100.00 100.00     7      7    7      0      6     5    83.33
 144   10    0  100.00 100.00     6      6    6      0     10     8    80.00
 145    9    0  100.00 100.00     8      8    8      0      9     6    66.67
 146    7    0  100.00 100.00     6      6    6      0      7     5    71.43
 147   10    0   44.44  80.00     4      9    5      1     10     8    80.00
 148   10    0  100.00 100.00     6      6    6      0     10     9    90.00
 149   11    0  100.00 100.00    12     12   12      0     11     8    72.73
 150    8    0  100.00 100.00     5      5    5      0      8     6    75.00
 151    9    0  100.00 100.00     7      7    7      0      9     8    88.89
 152   11    0   70.00  70.00     7     10   10      2     11     9    81.82
 153   10    0   90.00  90.00     9     10   10      0     10     8    80.00
 154    8    0  100.00 100.00     7      7    7      0      8     6    75.00
 155    9    0  100.00 100.00     8      8    8      0      9     8    88.89
 156    8    0   42.86  50.00     3      7    6      2      8     6    75.00
 157    9    0  100.00 100.00     6      6    6      0      9     7    77.78
 158    8    0   66.67  80.00     4      6    5      0      8     6    75.00
 159    7    0   66.67  80.00     4      6    5      0      7     5    71.43
 160    4    0  100.00 100.00     2      2    2      0      4     3    75.00
 161   10    0   77.78  77.78     7      9    9      1     10     9    90.00
 162    8    0  100.00 100.00     7      7    7      0      8     6    75.00
 163    8    0  100.00 100.00     7      7    7      0      8     7    87.50
 164   11    0  100.00 100.00     6      6    6      0     11    10    90.91
 165    8    0   85.71 100.00     6      7    6      0      8     7    87.50
 166    7    0  100.00 100.00     7      7    7      0      7     5    71.43
 167   10    0   87.50 100.00     7      8    7      0     10     9    90.00
 168   11    0  100.00 100.00     7      7    7      0     11    10    90.91
 169   11    0   91.67 100.00    11     12   11      0     11     8    72.73
 170    8    0  100.00 100.00     6      6    6      0      8     7    87.50
 171    8    0  100.00  66.67     4      4    6      0      8     7    87.50
 172    9    0  100.00 100.00     6      6    6      0      9     7    77.78
 173   11    0  100.00 100.00     8      8    8      0     11     9    81.82
 174   10    0  100.00 100.00    10     10   10      0     10     7    70.00
 175   10    0  100.00 100.00     6      6    6      0     10     8    80.00
 176    5    0  100.00 100.00     4      4    4      0      5     4    80.00
 177    5    0  100.00 100.00     4      4    4      0      5     4    80.00
 178    8    0  100.00 100.00     5      5    5      0      8     7    87.50
 179    8    0  100.00 100.00     6      6    6      0      8     6    75.00
 180    7    0   80.00 100.00     4      5    4      0      7     6    85.71
 181    8    0  100.00 100.00     6      6    6      0      8     6    75.00
 182    7    0  100.00 100.00     6      6    6      0      7     5    71.43
 183    9    0  100.00 100.00     7      7    7      0      9     7    77.78
 184   10    0  100.00 100.00    10     10   10      0     10     7    70.00
 185    6    0   83.33  83.33     5      6    6      0      6     5    83.33
 186   10    0  100.00 100.00     9      9    9      0     10     9    90.00
 187    9    0  100.00 100.00     7      7    7      0      9     7    77.78
 188    5    0  100.00 100.00     5      5    5      0      5     3    60.00
 189   10    0  100.00 100.00    10     10   10      0     10     6    60.00
 190    9    0  100.00 100.00     6      6    6      0      9     8    88.89
 191    7    0  100.00 100.00     5      5    5      0      7     6    85.71
 192    9    0   87.50  77.78     7      8    9      1      9     8    88.89
 193   10    0  100.00 100.00     8      8    8      0     10     9    90.00
 194   10    0  100.00 100.00     9      9    9      0     10     8    80.00
 195    6    0  100.00 100.00     5      5    5      0      6     5    83.33
 196    7    0  100.00 100.00     8      8    8      0      7     5    71.43
 197    7    0  100.00 100.00     6      6    6      0      7     6    85.71
 198    9    0   60.00  50.00     3      5    6      1      9     7    77.78
 199    9    0  100.00 100.00     7      7    7      0      9     7    77.78
 200    9    0   83.33  83.33     5      6    6      0      9     7    77.78
 201    4    0  100.00 100.00     4      4    4      0      4     2    50.00
 202    7    0  100.00 100.00     5      5    5      0      7     5    71.43
 203    8    0  100.00 100.00     6      6    6      0      8     7    87.50
 204    9    0   36.36  80.00     4     11    5      1      9     8    88.89
 205    8    0  100.00 100.00     5      5    5      0      8     6    75.00
 206   10    0  100.00 100.00     8      8    8      0     10     8    80.00
 207   10    0   83.33  71.43     5      6    7      0     10     8    80.00
 208    6    0   57.14 100.00     4      7    4      0      6     5    83.33
 209    9    0  100.00 100.00     7      7    7      0      9     7    77.78
 210    7    0   75.00  60.00     3      4    5      0      7     6    85.71
 211   10    0   77.78 100.00     7      9    7      0     10     9    90.00
 212    3    0  100.00 100.00     2      2    2      0      3     3   100.00
 213    3    0  100.00 100.00     3      3    3      0      3     2    66.67
 214   10    0   90.00  81.82     9     10   11      0     10     8    80.00
 215    7    0   83.33 100.00     5      6    5      0      7     5    71.43
 216   10    0  100.00 100.00     9      9    9      0     10     7    70.00
 217    7    0  100.00 100.00     6      6    6      0      7     5    71.43
 218   10    0  100.00 100.00     8      8    8      0     10     8    80.00
 219    6    0  100.00 100.00     4      4    4      0      6     5    83.33
 220    7    0  100.00 100.00     4      4    4      0      7     6    85.71
 221    4    0  100.00 100.00     4      4    4      0      4     2    50.00
 222    9    0  100.00 100.00     8      8    8      0      9     7    77.78
 223    8    0  100.00 100.00     6      6    6      0      8     7    87.50
 224    9    0  100.00 100.00     9      9    9      0      9     7    77.78
 225    8    0  100.00 100.00     6      6    6      0      8     7    87.50
 226    7    0  100.00 100.00     6      6    6      0      7     5    71.43
 227    7    0  100.00 100.00     6      6    6      0      7     6    85.71
 228   10    0   87.50 100.00     7      8    7      0     10     8    80.00
 229    9    0  100.00 100.00     9      9    9      0      9     7    77.78
 230   12    0   87.50  87.50     7      8    8      0     12     9    75.00
 231   12    0  100.00 100.00     8      8    8      0     12     8    66.67
 232   12    0  100.00 100.00     9      9    9      0     12     8    66.67
 233   14    0  100.00 100.00    11     11   11      0     14    12    85.71
 234   14    0  100.00 100.00     9      9    9      0     14    11    78.57
 235   14    0   66.67  60.00     6      9   10      2     14    11    78.57
 236   15    0  100.00 100.00    10     10   10      0     15    12    80.00
 237   16    0  100.00  93.33    14     14   15      0     16    13    81.25
 238   11    0   83.33  83.33     5      6    6      0     11     9    81.82
 239   13    0   91.67 100.00    11     12   11      0     13     9    69.23
 240   15    0  100.00 100.00    12     12   12      0     15    11    73.33
 241   13    0   66.67  85.71     6      9    7      1     13     9    69.23
 242   13    0  100.00 100.00    11     11   11      0     13    11    84.62
 243   12    0   80.00  66.67     8     10   12      1     12    11    91.67
 244   12    0   87.50  77.78     7      8    9      0     12     9    75.00
 245   14    0  100.00 100.00     9      9    9      0     14    11    78.57
 246   13    0  100.00 100.00    12     12   12      0     13    12    92.31
 247   13    0  100.00 100.00    10     10   10      0     13    10    76.92
 248   16    0  100.00 100.00    14     14   14      0     16    14    87.50
 249   12    0   80.00  80.00     8     10   10      1     12     8    66.67
 250   16    0   50.00  77.78     7     14    9      0     16    14    87.50
 251   13    0  100.00  87.50     7      7    8      0     13    11    84.62
 252   14    0   44.44  40.00     4      9   10      4     14    12    85.71
 253   15    0  100.00 100.00    12     12   12      0     15    12    80.00
 254   14    0  100.00 100.00     9      9    9      0     14    11    78.57
 255   12    0  100.00 100.00    10     10   10      0     12    10    83.33
 256   12    0  100.00 100.00     9      9    9      0     12     9    75.00
 257   15    0   86.67 100.00    13     15   13      0     15    12    80.00
 258   15    0   88.89  88.89     8      9    9      0     15    13    86.67
 259   13    0   72.73  88.89     8     11    9      1     13    10    76.92
 260   10    0  100.00  66.67     4      4    6      0     10     9    90.00
 261   12    0   66.67 100.00     6      9    6      0     12     9    75.00
 262   13    0   88.89  88.89     8      9    9      0     13    10    76.92
 263   16    0  100.00 100.00    13     13   13      0     16    13    81.25
 264   14    0   92.86  92.86    13     14   14      0     14    12    85.71
 265   15    0  100.00 100.00    14     14   14      0     15    13    86.67
 266   12    0  100.00 100.00     8      8    8      0     12    10    83.33
 267   13    0  100.00 100.00    11     11   11      0     13     9    69.23
 268   13    0  100.00 100.00    10     10   10      0     13    10    76.92
 269   16    0  100.00 100.00    13     13   13      0     16    12    75.00
 270   14    0   64.29  64.29     9     14   14      4     14     9    64.29
 271   15    0   92.86  92.86    13     14   14      0     15    12    80.00
 272   13    0  100.00 100.00     9      9    9      0     13    11    84.62
 273   14    0  100.00 100.00    11     11   11      0     14    11    78.57
 274   15    0  100.00  75.00     9      9   12      0     15    11    73.33
 275   11    0  100.00 100.00     7      7    7      0     11     8    72.73
 276   12    0  100.00 100.00     8      8    8      0     12     9    75.00
 277   14    0  100.00 100.00    11     11   11      0     14    12    85.71
 278   13    0  100.00 100.00    10     10   10      0     13    11    84.62
 279   12    0  100.00 100.00     9      9    9      0     12    10    83.33
 280   15    0   66.67  44.44     4      6    9      2     15    12    80.00
 281   12    0  100.00 100.00    11     11   11      0     12     9    75.00
 282   12    0  100.00 100.00     9      9    9      0     12     9    75.00
 283    8    0   66.67  75.00     6      9    8      1      8     7    87.50
 284   14    0   60.00  54.55     6     10   11      3     14    11    78.57
 285   13    0  100.00 100.00     9      9    9      0     13    10    76.92
 286   15    0   71.43  62.50     5      7    8      1     15    13    86.67
 287   13    0   75.00  90.00     9     12   10      0     13     9    69.23
 288   14    0  100.00 100.00    12     12   12      0     14    12    85.71
 289   13    0  100.00  88.89     8      8    9      0     13    10    76.92
 290   15    0   75.00  80.00    12     16   15      1     15    11    73.33
 291   16    0   53.85  58.33     7     13   12      4     16    12    75.00
 292   15    0   80.00  80.00     8     10   10      1     15    12    80.00
 293   12    0  100.00  75.00     6      6    8      0     12    10    83.33
 294   13    0  100.00 100.00    10     10   10      0     13    12    92.31
 295   12    0   70.00  77.78     7     10    9      1     12    10    83.33
 296   16    0   76.92  83.33    10     13   12      0     16    15    93.75
 297   13    0  100.00 100.00    12     12   12      0     13    11    84.62
 298   16    0   66.67  88.89     8     12    9      0     16    13    81.25
 299   14    0  100.00  91.67    11     11   12      0     14    13    92.86
 300   14    0   88.89 100.00     8      9    8      0     14    12    85.71
 301   15    0   84.62  84.62    11     13   13      1     15    12    80.00
 302   12    0  100.00 100.00     9      9    9      0     12    11    91.67
 303   13    0  100.00 100.00    11     11   11      0     13    10    76.92
 304   14    0  100.00  90.00     9      9   10      0     14    11    78.57
 305   16    0   75.00  75.00    12     16   16      3     16    14    87.50
 306   15    0  100.00 100.00    14     14   14      0     15    13    86.67
 307   12    0  100.00 100.00    11     11   11      0     12     9    75.00
 308   15    0   85.71  85.71    12     14   14      0     15    12    80.00
 309   14    0  100.00 100.00    12     12   12      0     14    13    92.86
 310   16    0  100.00 100.00    12     12   12      0     16    14    87.50
 311   12    0  100.00 100.00    11     11   11      0     12    10    83.33
 312   13    0  100.00 100.00     8      8    8      0     13    11    84.62
 313   14    0   90.91  83.33    10     11   12      0     14    12    85.71
 314   14    0  100.00 100.00    11     11   11      0     14    11    78.57
 315   12    0   75.00  85.71     6      8    7      0     12    10    83.33
 316   11    0  100.00 100.00     9      9    9      0     11     9    81.82
 317   12    0   91.67 100.00    11     12   11      0     12    11    91.67
 318   11    0  100.00  77.78     7      7    9      0     11     8    72.73
 319   14    0   77.78  87.50     7      9    8      0     14    13    92.86
 320   15    0   22.22  22.22     2      9    9      6     15    12    80.00
 321   13    0  100.00 100.00     8      8    8      0     13    11    84.62
 322   14    0   40.00  80.00     4     10    5      0     14    11    78.57
 323   15    0   83.33  90.91    10     12   11      0     15    13    86.67
 324   16    0  100.00 100.00    14     14   14      0     16    12    75.00
 325   14    0  100.00  77.78     7      7    9      0     14    11    78.57
 326   14    0  100.00 100.00    12     12   12      0     14    10    71.43
 327   15    0  100.00 100.00    10     10   10      0     15    11    73.33
 328   15    0  100.00 100.00    10     10   10      0     15    12    80.00
 329   12    0  100.00 100.00     7      7    7      0     12    10    83.33
 330   16    0   90.00  81.82     9     10   11      0     16    13    81.25
 331   12    0  100.00 100.00    11     11   11      0     12    10    83.33
 332   12    0  100.00  81.82     9      9   11      0     12     8    66.67
 333   15    0   77.78  70.00     7      9   10      1     15    13    86.67
 334   13    0   70.00  70.00     7     10   10      0     13    11    84.62
 335   12    0   90.00  75.00     9     10   12      0     12    10    83.33
 336   12    0  100.00 100.00    13     13   13      0     12     8    66.67
 337   12    0   75.00  90.00     9     12   10      1     12     9    75.00
 338   12    0   37.50  42.86     3      8    7      3     12    10    83.33
 339   12    0  100.00  91.67    11     11   12      0     12    10    83.33
 340   13    0  100.00 100.00    12     12   12      0     13    10    76.92
 341   12    0   50.00  66.67     4      8    6      1     12    10    83.33
 342   12    0  100.00 100.00     8      8    8      0     12     9    75.00
 343   16    0  100.00  85.71    12     12   14      0     16    14    87.50
 344   14    0  100.00  83.33    10     10   12      0     14    11    78.57
 345   16    0  100.00 100.00    12     12   12      0     16    14    87.50
 346   12    0   81.82 100.00     9     11    9      0     12    10    83.33
 347   12    0  100.00 100.00    10     10   10      0     12     8    66.67
 348   11    0  100.00 100.00     7      7    7      0     11     9    81.82
 349   13    0  100.00 100.00    14     14   14      0     13     9    69.23
 350   10    0  100.00  81.82     9      9   11      0     10     7    70.00
 351   15    0   84.62  91.67    11     13   12      0     15    12    80.00
 352   14    0   87.50  87.50     7      8    8      0     14    12    85.71
 353   15    0  100.00 100.00     9      9    9      0     15    12    80.00
 354   13    0  100.00 100.00     9      9    9      0     13     9    69.23
 355   14    0  100.00 100.00     8      8    8      0     14    12    85.71
 356   13    0   83.33  76.92    10     12   13      2     13    10    76.92
 357   14    0  100.00 100.00    16     16   16      0     14    12    85.71
 358   12    0   66.67  66.67     6      9    9      2     12    10    83.33
 359   13    0  100.00 100.00    11     11   11      0     13     9    69.23
 360   12    0   71.43  55.56     5      7    9      1     12    10    83.33
 361   14    0   53.85  63.64     7     13   11      1     14    11    78.57
 362   11    0  100.00 100.00     9      9    9      0     11     8    72.73
 363   14    0   83.33  90.91    10     12   11      1     14    11    78.57
 364   14    0  100.00 100.00    12     12   12      0     14    12    85.71
 365   10    0   85.71 100.00     6      7    6      0     10     9    90.00
 366   12    0  100.00 100.00     9      9    9      0     12     9    75.00
 367   13    0   90.91  83.33    10     11   12      0     13    11    84.62
 368   13    0   91.67  91.67    11     12   12      0     13    12    92.31
 369   13    0  100.00 100.00     8      8    8      0     13    10    76.92
 370   15    0   68.75  84.62    11     16   13      2     15     9    60.00
 371   11    0   87.50 100.00     7      8    7      0     11     8    72.73
 372   14    0  100.00 100.00     9      9    9      0     14    11    78.57
 373   15    0   50.00  60.00     6     12   10      3     15    13    86.67
 374   14    0   70.00  70.00     7     10   10      2     14    10    71.43
 375   16    0  100.00 100.00    14     14   14      0     16    13    81.25
 376   15    0   78.57  78.57    11     14   14      2     15    10    66.67
 377   14    0  100.00 100.00    14     14   14      0     14    12    85.71
 378   15    0   72.73  72.73     8     11   11      1     15    14    93.33
 379   14    0  100.00 100.00     9      9    9      0     14    11    78.57
 380   13    0   41.67  50.00     5     12   10      5     13    10    76.92
 381   12    0   81.82 100.00     9     11    9      0     12    10    83.33
 382   13    0  100.00 100.00    10     10   10      0     13    10    76.92
 383   14    0   88.89  88.89     8      9    9      0     14    10    71.43
 384   12    0  100.00 100.00     8      8    8      0     12    10    83.33
 385   11    0  100.00 100.00     8      8    8      0     11     9    81.82
 386   14    0   80.00  80.00     8     10   10      1     14    12    85.71
 387   13    0  100.00 100.00    12     12   12      0     13    12    92.31
 388   11    0  100.00 100.00     8      8    8      0     11     9    81.82
 389   13    0  100.00 100.00     8      8    8      0     13    11    84.62
 390   16    0  100.00 100.00    14     14   14      0     16    13    81.25
 391   13    0  100.00 100.00     8      8    8      0     13    12    92.31
 392   13    0   66.67  72.73     8     12   11      3     13    11    84.62
 393   13    0   90.91  83.33    10     11   12      0     13    11    84.62
 394   14    0   77.78  70.00     7      9   10      1     14    12    85.71
 395   15    0   72.73  66.67     8     11   12      2     15    13    86.67
 396   14    0   85.71  92.31    12     14   13      0     14    12    85.71
 397   15    0  100.00 100.00    14     14   14      0     15    13    86.67
 398   19    0   70.59  92.31    12     17   13      1     19    15    78.95
 399   17    0   64.29  64.29     9     14   14      5     17    15    88.24
 400   14    0  100.00 100.00    13     13   13      0     14    12    85.71
 401   21    0   37.50  50.00     6     16   12      6     21    16    76.19
 402   18    0   81.25  86.67    13     16   15      2     18    13    72.22
 403   16    0   20.00  66.67     2     10    3      0     16    13    81.25
 404   17    0  100.00  69.23     9      9   13      0     17    12    70.59
 405   16    0   91.67 100.00    11     12   11      0     16    11    68.75
 406   20    0   81.25  81.25    13     16   16      1     20    18    90.00
 407   17    0   92.86  92.86    13     14   14      0     17    13    76.47
 408   20    0   78.57  78.57    11     14   14      1     20    16    80.00
 409   21    0   94.12  84.21    16     17   19      0     21    18    85.71
 410   18    0  100.00 100.00    15     15   15      0     18    15    83.33
 411   19    0  100.00 100.00    17     17   17      0     19    15    78.95
 412   18    0   54.55  54.55     6     11   11      4     18    14    77.78
 413   16    0   83.33  76.92    10     12   13      1     16    12    75.00
 414   18    0  100.00 100.00    15     15   15      0     18    16    88.89
 415   20    0  100.00 100.00    19     19   19      0     20    16    80.00
 416   20    0   76.47  81.25    13     17   16      2     20    15    75.00
 417   18    0  100.00 100.00    16     16   16      0     18    13    72.22
 418   20    0  100.00 100.00    14     14   14      0     20    17    85.00
 419   20    0   83.33  90.91    10     12   11      1     20    18    90.00
 420   21    0  100.00 100.00    14     14   14      0     21    17    80.95
 421   19    0   71.43  83.33    10     14   12      0     19    16    84.21
 422   20    0   91.67  91.67    11     12   12      0     20    17    85.00
 423   18    0   75.00  70.59    12     16   17      2     18    15    83.33
 424   21    0   95.00  95.00    19     20   20      0     21    18    85.71
 425   16    0  100.00  80.00     8      8   10      0     16    13    81.25
 426   18    0   62.50  50.00     5      8   10      2     18    16    88.89
 427   21    0  100.00 100.00    16     16   16      0     21    16    76.19
 428   18    0   81.25  86.67    13     16   15      1     18    16    88.89
 429   17    0   83.33  76.92    10     12   13      1     17    15    88.24
 430   18    0  100.00 100.00    17     17   17      0     18    14    77.78
 431   19    0  100.00 100.00    14     14   14      0     19    15    78.95
 432   20    0   94.12 100.00    16     17   16      0     20    16    80.00
 433   16    0   58.33  70.00     7     12   10      3     16    12    75.00
 434   17    0   50.00  46.15     6     12   13      4     17    13    76.47
 435   17    0   87.50  87.50    14     16   16      1     17    13    76.47
 436   20    0  100.00 100.00    14     14   14      0     20    16    80.00
 437   20    0  100.00 100.00    13     13   13      0     20    16    80.00
 438   19    0   84.62  84.62    11     13   13      0     19    16    84.21
 439   18    0   94.12 100.00    16     17   16      0     18    15    83.33
 440   18    0   86.67  86.67    13     15   15      0     18    15    83.33
 441   19    0   94.12 100.00    16     17   16      0     19    13    68.42
 442   19    0  100.00  94.74    18     18   19      0     19    14    73.68
 443   17    0   92.86 100.00    13     14   13      0     17    13    76.47
 444   21    0  100.00 100.00    16     16   16      0     21    17    80.95
 445   20    0   64.29  64.29     9     14   14      3     20    17    85.00
 446   21    0   94.12  94.12    16     17   17      0     21    18    85.71
 447   18    0   92.86  86.67    13     14   15      0     18    16    88.89
 448   19    0   93.33 100.00    14     15   14      0     19    16    84.21
 449   16    0   75.00  75.00     9     12   12      1     16    13    81.25
 450   17    0   76.92  83.33    10     13   12      0     17    13    76.47
 451   20    0  100.00  94.44    17     17   18      0     20    15    75.00
 452   19    0   90.00  94.74    18     20   19      0     19    16    84.21
 453   19    0   81.25  76.47    13     16   17      2     19    14    73.68
 454   21    0   94.74 100.00    18     19   18      0     21    19    90.48
 455   17    0  100.00 100.00    14     14   14      0     17    16    94.12
 456   17    0  100.00 100.00    13     13   13      0     17    15    88.24
 457   18    0  100.00 100.00    16     16   16      0     18    13    72.22
 458   16    0   91.67  91.67    11     12   12      0     16    14    87.50
 459   17    0   91.67  84.62    11     12   13      0     17    14    82.35
 460   16    0   80.00  72.73     8     10   11      1     16    13    81.25
 461   21    0   94.44  89.47    17     18   19      0     21    18    85.71
 462   18    0  100.00 100.00    15     15   15      0     18    13    72.22
 463   21    0   87.50  82.35    14     16   17      0     21    17    80.95
 464   21    0   77.78  77.78    14     18   18      2     21    19    90.48
 465   20    0  100.00 100.00    17     17   17      0     20    16    80.00
 466   20    0   85.71  85.71    12     14   14      1     20    17    85.00
 467   17    0   80.00  92.31    12     15   13      0     17    12    70.59
 468   21    0   77.27  73.91    17     22   23      2     21    18    85.71
 469   18    0   88.24  88.24    15     17   17      2     18    14    77.78
 470   21    0   80.00 100.00    12     15   12      0     21    16    76.19
 471   19    0  100.00  84.21    16     16   19      0     19    15    78.95
 472   19    0  100.00 100.00    17     17   17      0     19    15    78.95
 473   17    0   68.75  78.57    11     16   14      3     17    14    82.35
 474   18    0  100.00 100.00    13     13   13      0     18    14    77.78
 475   17    0   84.62  84.62    11     13   13      1     17    15    88.24
 476   21    0   57.14  63.16    12     21   19      6     21    16    76.19
 477   18    0  100.00  92.86    13     13   14      0     18    15    83.33
 478   18    0   63.64  70.00     7     11   10      2     18    14    77.78
 479   18    0   78.57  78.57    11     14   14      2     18    15    83.33
 480   15    0   71.43  76.92    10     14   13      3     15    12    80.00
 481   18    0   68.75  68.75    11     16   16      4     18    16    88.89
 482   12    0   66.67  88.89     8     12    9      1     12     9    75.00
 483   19    0   95.00  95.00    19     20   20      0     19    15    78.95
 484   15    0  100.00 100.00    15     15   15      0     15    11    73.33
 485   18    0   76.47  72.22    13     17   18      3     18    15    83.33
 486   21    0  100.00  94.74    18     18   19      0     21    17    80.95
 487   17    0   93.33 100.00    14     15   14      0     17    13    76.47
 488   16    0   58.33  70.00     7     12   10      2     16    14    87.50
 489   16    0   69.23  69.23     9     13   13      4     16    12    75.00
 490   21    0  100.00 100.00    19     19   19      0     21    15    71.43
 491   19    0   80.00  57.14     8     10   14      2     19    15    78.95
 492   16    0  100.00 100.00    13     13   13      0     16    11    68.75
 493   17    0  100.00 100.00    15     15   15      0     17    14    82.35
 494   20    0   87.50 100.00    14     16   14      0     20    15    75.00
 495   19    0  100.00  94.12    16     16   17      0     19    16    84.21
 496   15    0   90.00  81.82     9     10   11      0     15    11    73.33
 497   19    0   83.33  83.33    15     18   18      1     19    15    78.95
 498   15    0   85.71  75.00    12     14   16      1     15    12    80.00
 499   18    0   94.44  94.44    17     18   18      0     18    15    83.33
 500   17    0   92.31  85.71    12     13   14      0     17    14    82.35
 501   18    0   92.31  92.31    12     13   13      0     18    15    83.33
 502   17    0  100.00 100.00    15     15   15      0     17    13    76.47
 503   15    0  100.00 100.00    11     11   11      0     15    13    86.67
 504   18    0   83.33  88.24    15     18   17      1     18    12    66.67
 505   12    0   90.00  81.82     9     10   11      0     12    10    83.33
 506   20    0   92.31 100.00    12     13   12      0     20    16    80.00
 507   16    0   90.91  76.92    10     11   13      1     16    10    62.50
 508   16    0   92.31  92.31    12     13   13      0     16    14    87.50
 509   17    0  100.00 100.00    12     12   12      0     17    14    82.35
 510   17    0  100.00 100.00    13     13   13      0     17    13    76.47
 511   18    0   84.62  84.62    11     13   13      0     18    15    83.33
 512   17    0  100.00 100.00    10     10   10      0     17    13    76.47
 513   19    0   80.00  72.73     8     10   11      2     19    15    78.95
 514   16    0  100.00  92.31    12     12   13      0     16    13    81.25
 515   21    0   93.33  93.33    14     15   15      0     21    18    85.71
 516   21    0   80.95  85.00    17     21   20      2     21    18    85.71
 517   20    0  100.00 100.00    18     18   18      0     20    16    80.00
 518   19    0   81.25  92.86    13     16   14      0     19    18    94.74
 519   20    0   73.68  87.50    14     19   16      1     20    18    90.00
 520   21    0   77.78  82.35    14     18   17      1     21    17    80.95
 521   20    0  100.00 100.00    18     18   18      0     20    16    80.00
 522   19    0  100.00  88.89    16     16   18      0     19    15    78.95
 523   17    0   73.33  73.33    11     15   15      1     17    14    82.35
 524   17    0   66.67  80.00     8     12   10      2     17    13    76.47
 525   17    0  100.00 100.00    14     14   14      0     17    15    88.24
 526   19    0   87.50  93.33    14     16   15      0     19    16    84.21
 527   16    0  100.00 100.00    11     11   11      0     16    14    87.50
 528   17    0   75.00  90.00     9     12   10      0     17    14    82.35
 529   20    0  100.00  94.12    16     16   17      0     20    16    80.00
 530   18    0  100.00 100.00    15     15   15      0     18    14    77.78
 531   17    0   92.86  92.86    13     14   14      0     17    15    88.24
 532   23    0   91.67  91.67    22     24   24      0     23    18    78.26
 533   21    0   88.24  93.75    15     17   16      0     21    16    76.19
 534   25    0   90.48  95.00    19     21   20      0     25    20    80.00
 535   22    0   94.44  89.47    17     18   19      0     22    20    90.91
 536   22    0  100.00 100.00    14     14   14      0     22    19    86.36
 537   19    0   78.57  64.71    11     14   17      1     19    16    84.21
 538   23    0   92.31  85.71    12     13   14      0     23    20    86.96
 539   23    0   84.00  87.50    21     25   24      2     23    19    82.61
 540   21    0  100.00 100.00    15     15   15      0     21    17    80.95
 541   24    0   43.75  38.89     7     16   18      7     24    21    87.50
 542   22    0   93.75 100.00    15     16   15      0     22    17    77.27
 543   22    0   95.45 100.00    21     22   21      0     22    19    86.36
 544   23    0   83.33  83.33    20     24   24      3     23    16    69.57
 545   22    0  100.00 100.00    21     21   21      0     22    18    81.82
 546   25    0   90.91  95.24    20     22   21      0     25    22    88.00
 547   21    0   73.68  73.68    14     19   19      2     21    16    76.19
 548   22    0   57.14  50.00     8     14   16      3     22    20    90.91
 549   21    0   77.78  87.50    14     18   16      0     21    17    80.95
 550   23    0   92.86  86.67    13     14   15      0     23    20    86.96
 551   22    0   77.78  73.68    14     18   19      3     22    18    81.82
 552   24    0   92.86  92.86    13     14   14      0     24    19    79.17
 553   22    0   42.86  35.29     6     14   17      7     22    17    77.27
 554   19    0   50.00  66.67     6     12    9      0     19    17    89.47
 555   20    0   92.86  86.67    13     14   15      0     20    15    75.00
 556   23    0   52.63  62.50    10     19   16      3     23    19    82.61
 557   23    0   66.67  75.00    12     18   16      2     23    20    86.96
 558   23    0   85.71  85.71    18     21   21      2     23    18    78.26
 559   26    0   75.00  78.95    15     20   19      4     26    21    80.77
 560   24    0   81.82  81.82    18     22   22      2     24    19    79.17
 561   21    0   75.00  83.33    15     20   18      2     21    16    76.19
 562   23    0   72.22  72.22    13     18   18      1     23    18    78.26
 563   21    0   94.12 100.00    16     17   16      0     21    15    71.43
 564   24    0   71.43  83.33    15     21   18      2     24    18    75.00
 565   20    0   84.62  73.33    11     13   15      0     20    15    75.00
 566   22    0   76.47  72.22    13     17   18      4     22    17    77.27
 567   22    0   88.89  76.19    16     18   21      4     22    16    72.73
 568   25    0   94.44  94.44    17     18   18      0     25    22    88.00
 569   24    0   63.64  70.00    14     22   20      4     24    20    83.33
 570   23    0   78.95  83.33    15     19   18      2     23    19    82.61
 571   21    0  100.00 100.00    16     16   16      0     21    17    80.95
 572   21    0   78.95  78.95    15     19   19      2     21    18    85.71
 573   25    0  100.00 100.00    20     20   20      0     25    20    80.00
 574   20    0   88.89  94.12    16     18   17      0     20    17    85.00
 575   25    0   72.22  81.25    13     18   16      2     25    22    88.00
 576   23    0  100.00 100.00    22     22   22      0     23    20    86.96
 577   20    0  100.00  92.86    13     13   14      0     20    16    80.00
 578   23    0   63.64  77.78    14     22   18      2     23    18    78.26
 579   22    0   80.95  94.44    17     21   18      1     22    21    95.45
 580   25    0   85.71  85.71    18     21   21      0     25    21    84.00
 581   22    0   78.95  75.00    15     19   20      3     22    16    72.73
 582   21    0   93.75 100.00    15     16   15      0     21    17    80.95
 583   26    0  100.00 100.00    22     22   22      0     26    22    84.62
 584   22    0   69.57  84.21    16     23   19      3     22    16    72.73
 585   22    0  100.00 100.00    21     21   21      0     22    18    81.82
 586   24    0   93.75  71.43    15     16   21      1     24    20    83.33
 587   25    0   94.44  94.44    17     18   18      0     25    22    88.00
 588   25    0   66.67  66.67    12     18   18      4     25    21    84.00
 589   25    0   89.47  94.44    17     19   18      0     25    22    88.00
 590   22    0   82.35  77.78    14     17   18      2     22    17    77.27
 591   23    0   95.00 100.00    19     20   19      0     23    18    78.26
 592   22    0   61.90  68.42    13     21   19      5     22    18    81.82
 593   25    0   72.73  88.89    16     22   18      1     25    20    80.00
 594   23    0   53.33  66.67     8     15   12      3     23    20    86.96
 595   21    0   77.78  77.78    14     18   18      2     21    19    90.48
 596   21    0   90.00  81.82    18     20   22      3     21    16    76.19
 597   21    0   75.00  75.00    12     16   16      2     21    16    76.19
 598   21    0  100.00 100.00    20     20   20      0     21    17    80.95
 599   20    0   94.12  80.00    16     17   20      3     20    15    75.00
 600   22    0  100.00 100.00    18     18   18      0     22    17    77.27
 601   22    0   42.86  42.86     6     14   14      5     22    19    86.36
 602   24    0   68.18  75.00    15     22   20      4     24    18    75.00
 603   23    0   88.89  84.21    16     18   19      0     23    19    82.61
 604   20    0   85.71  85.71    12     14   14      0     20    17    85.00
 605   22    0   72.22  76.47    13     18   17      3     22    18    81.82
 606   22    0   89.47  89.47    17     19   19      1     22    17    77.27
 607   23    0   63.16  85.71    12     19   14      0     23    18    78.26
 608   25    0  100.00  95.45    21     21   22      0     25    20    80.00
 609   25    0   94.74  90.00    18     19   20      0     25    22    88.00
 610   16    0   81.25  76.47    13     16   17      3     16    12    75.00
 611   24    0   84.00  87.50    21     25   24      1     24    20    83.33
 612   22    0   94.44  94.44    17     18   18      0     22    18    81.82
 613   26    0  100.00 100.00    21     21   21      0     26    21    80.77
 614   21    0   95.00  86.36    19     20   22      0     21    18    85.71
 615   23    0  100.00 100.00    20     20   20      0     23    20    86.96
 616   20    0   87.50  93.33    14     16   15      0     20    16    80.00
 617   23    0   77.78  73.68    14     18   19      3     23    19    82.61
 618   24    0   71.43  71.43    15     21   21      3     24    19    79.17
 619   19    0   82.35  77.78    14     17   18      2     19    16    84.21
 620   22    0   94.74 100.00    18     19   18      0     22    19    86.36
 621   21    0   84.21  94.12    16     19   17      0     21    17    80.95
 622   26    0  100.00 100.00    20     20   20      0     26    22    84.62
 623   23    0  100.00 100.00    17     17   17      0     23    19    82.61
 624   24    0   94.44 100.00    17     18   17      0     24    20    83.33
 625   25    0   95.65 100.00    22     23   22      0     25    20    80.00
 626   21    0   68.42  72.22    13     19   18      4     21    19    90.48
 627   21    0   84.21  84.21    16     19   19      1     21    17    80.95
 628   24    0   85.71  94.74    18     21   19      0     24    18    75.00
 629   20    0   61.11  64.71    11     18   17      5     20    15    75.00
 630   21    0  100.00 100.00    16     16   16      0     21    20    95.24
 631   24    0   95.24 100.00    20     21   20      0     24    21    87.50
 632   22    0   72.73  80.00    16     22   20      2     22    19    86.36
 633   20    0   76.47  86.67    13     17   15      1     20    19    95.00
 634   22    0   78.95  93.75    15     19   16      0     22    16    72.73
 635   22    0   90.00 100.00    18     20   18      0     22    18    81.82
 636   24    0   73.91  80.95    17     23   21      4     24    20    83.33
 637   16    0   70.00  58.33     7     10   12      3     16    14    87.50
 638   19    0   80.00  80.00    12     15   15      1     19    16    84.21
 639   16    0  100.00 100.00    14     14   14      0     16    13    81.25
 640   17    0   64.29  75.00     9     14   12      2     17    14    82.35
 641   13    0  100.00 100.00    10     10   10      0     13    11    84.62
 642   21    0   70.59  85.71    12     17   14      1     21    18    85.71
 643   24    0  100.00 100.00    17     17   17      0     24    19    79.17
 644   16    0   71.43 100.00    10     14   10      0     16    12    75.00
 645   17    0  100.00 100.00    14     14   14      0     17    16    94.12
 646   19    0   77.78  93.33    14     18   15      1     19    16    84.21
 647   12    0   77.78  70.00     7      9   10      1     12     9    75.00
 648   20    0   31.25  33.33     5     16   15      5     20    16    80.00
 649   15    0   76.92  83.33    10     13   12      1     15    12    80.00
 650   13    0  100.00 100.00    10     10   10      0     13    10    76.92
 651   14    0  100.00 100.00     9      9    9      0     14    11    78.57
 652   18    0  100.00 100.00    17     17   17      0     18    13    72.22
 653   11    0   81.82  81.82     9     11   11      1     11     9    81.82
 654   22    0   80.95  80.95    17     21   21      1     22    16    72.73
 655   22    0  100.00 100.00    15     15   15      0     22    19    86.36
 656   12    0  100.00 100.00    10     10   10      0     12    11    91.67
 657   17    0   85.71  80.00    12     14   15      2     17    14    82.35
 658   26    0   94.12  88.89    16     17   18      0     26    22    84.62
 659   22    0   83.33 100.00    15     18   15      0     22    16    72.73
 660   23    0   85.00  85.00    17     20   20      2     23    20    86.96
 661   18    0   91.67  91.67    11     12   12      0     18    15    83.33
 662   13    0   90.91 100.00    10     11   10      0     13    11    84.62
 663   21    0   93.33  87.50    14     15   16      0     21    18    85.71
 664   15    0   88.89 100.00     8      9    8      0     15    13    86.67
 665   14    0   77.78  70.00     7      9   10      2     14    13    92.86
 666   15    0   78.57 100.00    11     14   11      0     15    12    80.00
 667   17    0  100.00 100.00    14     14   14      0     17    14    82.35
 668   14    0   80.00  88.89     8     10    9      0     14    11    78.57
 669   21    0   85.71  85.71    12     14   14      1     21    19    90.48
 670   14    0  100.00 100.00    12     12   12      0     14    10    71.43
 671   21    0  100.00 100.00    19     19   19      0     21    16    76.19
 672   21    0   81.25  76.47    13     16   17      2     21    16    76.19
 673   16    0  100.00 100.00    17     17   17      0     16    14    87.50
 674   12    0  100.00 100.00    11     11   11      0     12    10    83.33
 675   24    0   89.47 100.00    17     19   17      0     24    17    70.83
 676   13    0  100.00 100.00    12     12   12      0     13    10    76.92
 677   24    0   83.33  90.91    20     24   22      1     24    20    83.33
 678   15    0  100.00 100.00    12     12   12      0     15    12    80.00
 679   24    0   88.24  88.24    15     17   17      0     24    19    79.17
 680   23    0   94.74 100.00    18     19   18      0     23    17    73.91
 681   20    0   53.33  80.00     8     15   10      2     20    15    75.00
 682   12    0   80.00 100.00     8     10    8      0     12    10    83.33
 683   15    0   75.00  85.71    12     16   14      1     15    12    80.00
 684   17    0   77.78  70.00     7      9   10      0     17    16    94.12
 685   21    0   83.33  83.33    15     18   18      2     21    15    71.43
 686   13    0  100.00 100.00    11     11   11      0     13    11    84.62
 687   11    0  100.00 100.00     8      8    8      0     11     9    81.82
 688   23    0   75.00  88.24    15     20   17      0     23    20    86.96
 689   21    0   90.00  94.74    18     20   19      0     21    15    71.43
 690   12    0   90.91  90.91    10     11   11      0     12    10    83.33
 691   13    0  100.00 100.00     8      8    8      0     13    11    84.62
 692   21    0  100.00 100.00    15     15   15      0     21    14    66.67
 693   12    0  100.00 100.00    13     13   13      0     12     9    75.00
 694   17    0   90.91  66.67    10     11   15      1     17    13    76.47
 695   19    0   87.50  87.50    14     16   16      0     19    16    84.21
 696   16    0   92.86  92.86    13     14   14      0     16    13    81.25
 697   21    0   89.47  85.00    17     19   20      0     21    18    85.71
 698   25    0  100.00 100.00    24     24   24      0     25    21    84.00
 699   17    0   93.33 100.00    14     15   14      0     17    12    70.59
 700   18    0   84.62  91.67    11     13   12      0     18    14    77.78
 701   17    0   92.86 100.00    13     14   13      0     17    13    76.47
 702   21    0   81.82  81.82    18     22   22      1     21    17    80.95
 703   22    0  100.00  95.00    19     19   20      0     22    17    77.27
 704   17    0   93.33  93.33    14     15   15      0     17    14    82.35
 705   12    0  100.00 100.00     8      8    8      0     12     9    75.00
 706   17    0  100.00 100.00    17     17   17      0     17    13    76.47
 707   12    0  100.00 100.00     9      9    9      0     12    10    83.33
 708   17    0   93.33 100.00    14     15   14      0     17    14    82.35
 709   12    0   81.82  90.00     9     11   10      0     12     8    66.67
 710   11    0  100.00 100.00     7      7    7      0     11     9    81.82
 711   13    0  100.00 100.00    10     10   10      0     13    10    76.92
 712   12    0  100.00 100.00     8      8    8      0     12    11    91.67
 713   19    0  100.00 100.00    18     18   18      0     19    16    84.21
 714   21    0  100.00 100.00    18     18   18      0     21    16    76.19
 715   21    0  100.00 100.00    18     18   18      0     21    15    71.43
 716   23    0  100.00 100.00    21     21   21      0     23    19    82.61
 717   13    0   90.00  81.82     9     10   11      0     13    11    84.62
 718   23    0   83.33  78.95    15     18   19      1     23    20    86.96
 719   26    0   90.00  81.82    18     20   22      3     26    20    76.92
 720   13    0   73.33  84.62    11     15   13      1     13    10    76.92
 721   15    0   85.71  85.71    12     14   14      0     15    11    73.33
 722   13    0  100.00 100.00     9      9    9      0     13    10    76.92
 723   24    0   91.30  91.30    21     23   23      1     24    19    79.17
 724   17    0   76.47  81.25    13     17   16      1     17    14    82.35
 725   24    0   89.47  89.47    17     19   19      0     24    18    75.00
 726   16    0   53.85  77.78     7     13    9      1     16    14    87.50
 727   15    0  100.00 100.00    14     14   14      0     15    11    73.33
 728   13    0  100.00 100.00    10     10   10      0     13    12    92.31
 729   11    0  100.00 100.00    11     11   11      0     11     9    81.82
 730   17    0   86.67  86.67    13     15   15      1     17    14    82.35
 731   14    0   84.62  84.62    11     13   13      2     14    11    78.57
 732   24    0  100.00  94.44    17     17   18      0     24    20    83.33
 733   25    0   95.83  95.83    23     24   24      0     25    19    76.00
 734   21    0   78.57  68.75    11     14   16      0     21    18    85.71
 735   16    0  100.00 100.00    14     14   14      0     16    13    81.25
 736   13    0  100.00 100.00    11     11   11      0     13    10    76.92
 737   14    0  100.00 100.00    13     13   13      0     14    10    71.43
 738   24    0   95.45 100.00    21     22   21      0     24    20    83.33
 739   18    0  100.00 100.00    14     14   14      0     18    16    88.89
 740   11    0  100.00 100.00    11     11   11      0     11     9    81.82
 741   14    0  100.00 100.00    10     10   10      0     14    10    71.43
 742   24    0   86.36  95.00    19     22   20      1     24    19    79.17
 743   17    0   87.50  82.35    14     16   17      1     17    14    82.35
 744   19    0   87.50  87.50    14     16   16      0     19    15    78.95
 745   27    0   76.00  76.00    19     25   25      2     27    23    85.19
 746   11    0  100.00 100.00     9      9    9      0     11     7    63.64
 747   23    0  100.00 100.00    20     20   20      0     23    18    78.26
 748   24    0   91.67  95.65    22     24   23      0     24    16    66.67
 749   17    0  100.00 100.00    14     14   14      0     17    14    82.35
 750   14    0  100.00 100.00    11     11   11      0     14    11    78.57
 751   21    0   76.47  65.00    13     17   20      2     21    15    71.43
 752   17    0  100.00 100.00    12     12   12      0     17    13    76.47
 753   17    0  100.00 100.00    14     14   14      0     17    16    94.12
 754   11    0  100.00 100.00     9      9    9      0     11     7    63.64
 755   13    0   83.33  83.33    10     12   12      0     13    10    76.92
 756   22    0   92.86 100.00    13     14   13      0     22    18    81.82
 757   27    0   90.48  86.36    19     21   22      0     27    22    81.48
 758   29    0   74.07  76.92    20     27   26      4     29    21    72.41
 759   27    0   95.65 100.00    22     23   22      0     27    23    85.19
 760   27    0   86.67  81.25    13     15   16      2     27    22    81.48
 761   29    0   65.00  68.42    13     20   19      3     29    25    86.21
 762   25    0   76.47  86.67    13     17   15      1     25    20    80.00
 763   30    0   78.57  81.48    22     28   27      4     30    25    83.33
 764   27    0   91.67  95.65    22     24   23      0     27    22    81.48
 765   29    0   96.00 100.00    24     25   24      0     29    23    79.31
 766   25    0  100.00 100.00    23     23   23      0     25    20    80.00
 767   29    0   68.42  86.67    13     19   15      1     29    24    82.76
 768   25    0   87.50  93.33    14     16   15      1     25    22    88.00
 769   27    0   79.17  82.61    19     24   23      3     27    21    77.78
 770   27    0  100.00  94.12    16     16   17      0     27    23    85.19
 771   28    0   95.45 100.00    21     22   21      0     28    23    82.14
 772   30    0   95.45  95.45    21     22   22      0     30    27    90.00
 773   31    0   79.31  88.46    23     29   26      3     31    25    80.65
 774   27    0   71.43  78.95    15     21   19      2     27    22    81.48
 775   30    0   96.15  96.15    25     26   26      0     30    23    76.67
 776   27    0   94.74 100.00    18     19   18      0     27    26    96.30
 777   28    0   95.45  95.45    21     22   22      0     28    22    78.57
 778   27    0   73.91  77.27    17     23   22      3     27    19    70.37
 779   27    0  100.00  95.45    21     21   22      0     27    22    81.48
 780   13    0   75.00  75.00     9     12   12      2     13     9    69.23
 781   31    0  100.00 100.00    25     25   25      0     31    25    80.65
 782   29    0   95.24  90.91    20     21   22      0     29    22    75.86
 783   26    0   81.82  75.00    18     22   24      3     26    22    84.62
 784   28    0  100.00  95.65    22     22   23      0     28    24    85.71
 785   29    0   96.43  90.00    27     28   30      0     29    25    86.21
 786   28    0   90.48  86.36    19     21   22      1     28    23    82.14
 787   28    0   91.30  95.45    21     23   22      0     28    25    89.29
 788   30    0   88.00  84.62    22     25   26      1     30    27    90.00
 789   28    0  100.00 100.00    24     24   24      0     28    25    89.29
 790   26    0   95.65 100.00    22     23   22      0     26    22    84.62
 791   29    0  100.00 100.00    29     29   29      0     29    26    89.66
 792   27    0   80.00  84.21    16     20   19      1     27    24    88.89
 793   27    0   86.36  90.48    19     22   21      0     27    23    85.19
 794   28    0  100.00 100.00    25     25   25      0     28    21    75.00
 795   27    0   77.78  87.50    21     27   24      2     27    20    74.07
 796   30    0   88.00  91.67    22     25   24      0     30    26    86.67
 797   31    0  100.00 100.00    25     25   25      0     31    27    87.10
 798   27    0   95.45  95.45    21     22   22      0     27    23    85.19
 799   30    0   86.96  86.96    20     23   23      2     30    23    76.67
 800   28    0   95.00 100.00    19     20   19      0     28    24    85.71
 801   26    0   86.36  82.61    19     22   23      2     26    20    76.92
 802   23    0   73.68  93.33    14     19   15      1     23    19    82.61
 803   23    0   95.00 100.00    19     20   19      0     23    17    73.91
 804   25    0   90.48  79.17    19     21   24      1     25    21    84.00
 805   31    0   92.31 100.00    24     26   24      0     31    26    83.87
 806   29    0   91.67  88.00    22     24   25      2     29    26    89.66
 807   26    0   66.67  87.50    14     21   16      1     26    20    76.92
 808   27    0   95.65  95.65    22     23   23      0     27    19    70.37
 809   30    0   92.59  92.59    25     27   27      1     30    25    83.33
 810   26    0  100.00  95.65    22     22   23      0     26    21    80.77
 811   28    0  100.00 100.00    23     23   23      0     28    24    85.71
 812   26    0   87.50  91.30    21     24   23      2     26    21    80.77
 813   25    0   80.00  88.89    16     20   18      1     25    21    84.00
 814   27    0   95.83 100.00    23     24   23      0     27    23    85.19
 815   31    0   90.00  96.43    27     30   28      1     31    26    83.87
 816   27    0   55.00  68.75    11     20   16      4     27    21    77.78
 817   26    0   77.27  77.27    17     22   22      3     26    21    80.77
 818   23    0   70.59  85.71    12     17   14      1     23    18    78.26
 819   26    0   90.48  95.00    19     21   20      0     26    21    80.77
 820   28    0   70.00  77.78    14     20   18      3     28    27    96.43
 821   31    0  100.00 100.00    26     26   26      0     31    27    87.10
 822   29    0   92.00  92.00    23     25   25      0     29    24    82.76
 823   27    0   75.00  90.00    18     24   20      1     27    21    77.78
 824   31    0   96.55  96.55    28     29   29      0     31    25    80.65
 825   28    0  100.00 100.00    23     23   23      0     28    26    92.86
 826   28    0   79.17  67.86    19     24   28      4     28    24    85.71
 827   28    0   90.48  90.48    19     21   21      1     28    23    82.14
 828   24    0   68.42  72.22    13     19   18      3     24    19    79.17
 829   24    0   75.00  75.00    15     20   20      1     24    21    87.50
 830   30    0   85.19  92.00    23     27   25      1     30    26    86.67
 831   31    0   86.67  86.67    26     30   30      2     31    25    80.65
 832   32    0   82.76  92.31    24     29   26      0     32    27    84.38
 833   34    0   83.33  92.59    25     30   27      1     34    27    79.41
 834   35    0   96.15 100.00    25     26   25      0     35    29    82.86
 835   32    0   78.95  78.95    15     19   19      3     32    28    87.50
 836   33    0  100.00  88.89    24     24   27      0     33    27    81.82
 837   29    0   76.00  86.36    19     25   22      2     29    24    82.76
 838   30    0   91.30  95.45    21     23   22      1     30    27    90.00
 839   32    0  100.00 100.00    24     24   24      0     32    28    87.50
 840   31    0   58.33  70.00    14     24   20      3     31    25    80.65
 841   31    0   92.59  96.15    25     27   26      0     31    26    83.87
 842   35    0   79.31  85.19    23     29   27      1     35    30    85.71
 843   34    0   95.24  95.24    20     21   21      0     34    31    91.18
 844   31    0   70.00  95.45    21     30   22      1     31    26    83.87
 845   32    0   77.42  80.00    24     31   30      2     32    27    84.38
 846   34    0   77.42  96.00    24     31   25      1     34    27    79.41
 847   28    0   71.43  78.95    15     21   19      2     28    25    89.29
 848   31    0   70.83  77.27    17     24   22      3     31    26    83.87
 849   33    0   78.79  83.87    26     33   31      4     33    29    87.88
 850   34    0   90.91  93.75    30     33   32      0     34    29    85.29
 851   31    0   75.00  80.77    21     28   26      2     31    25    80.65
 852   34    0   89.66 100.00    26     29   26      0     34    31    91.18
 853   32    0   82.61  79.17    19     23   24      4     32    23    71.88
 854   33    0   85.71  88.89    24     28   27      1     33    26    78.79
 855   31    0   95.45 100.00    21     22   21      0     31    26    83.87
 856   30    0   69.57  84.21    16     23   19      0     30    27    90.00
 857   31    0   88.89  92.31    24     27   26      1     31    24    77.42
 858   24    0   93.33  87.50    14     15   16      0     24    21    87.50
 859   28    0  100.00 100.00    17     17   17      0     28    23    82.14
 860   31    0   78.57  88.00    22     28   25      0     31    28    90.32
 861   32    0  100.00 100.00    27     27   27      0     32    26    81.25
 862   30    0   95.65  88.00    22     23   25      2     30    24    80.00
 863   33    0   84.85  90.32    28     33   31      1     33    28    84.85
 864   18    0  100.00 100.00    13     13   13      0     18    13    72.22
 865   29    0  100.00 100.00    26     26   26      0     29    23    79.31
 866   34    0   53.33  61.54    16     30   26      7     34    28    82.35
 867   31    0   82.61  90.48    19     23   21      2     31    27    87.10
 868   32    0   79.17  86.36    19     24   22      3     32    28    87.50
 869   26    0  100.00 100.00    15     15   15      0     26    20    76.92
 870   29    0   84.62  88.00    22     26   25      3     29    25    86.21
 871   33    0   77.42  75.00    24     31   32      4     33    27    81.82
 872   30    0   90.91  90.91    20     22   22      0     30    25    83.33
 873   43    0  100.00 100.00    40     40   40      0     43    34    79.07
 874   38    0   60.61  95.24    20     33   21      1     38    31    81.58
 875   48    0   89.29 100.00    25     28   25      0     48    34    70.83
 876   39    0   87.50  93.33    28     32   30      0     39    34    87.18
 877   97    0   89.16  89.16    74     83   83      4     97    78    80.41
 878   55    0   93.18  91.11    41     44   45      2     55    43    78.18
 879   42    0   89.74  85.37    35     39   41      1     42    34    80.95
 880   49    0   80.56  82.86    29     36   35      4     49    41    83.67
 881   51    0   92.68  92.68    38     41   41      1     51    41    80.39
 882   39    0   85.71  85.71    24     28   28      0     39    35    89.74
 883   40    0   85.00  80.95    17     20   21      3     40    33    82.50
 884   42    0  100.00 100.00    28     28   28      0     42    35    83.33
 885   37    0   59.38  90.48    19     32   21      2     37    31    83.78
 886   35    0   82.14  82.14    23     28   28      3     35    31    88.57
 887   40    0   81.25  86.67    13     16   15      1     40    31    77.50
 888   35    0   69.23  66.67    18     26   27      3     35    29    82.86
 889   37    0   87.10  93.10    27     31   29      0     37    33    89.19
 890   36    0   93.33 100.00    28     30   28      0     36    29    80.56
 891   43    0   82.86  82.86    29     35   35      5     43    35    81.40
 892   88    0   58.06  63.16    36     62   57     12     88    62    70.45
 893   63    0   77.55  84.44    38     49   45      1     63    53    84.13
 894   36    0   91.67  84.62    11     12   13      0     36    27    75.00
 895   38    0   73.53  67.57    25     34   37      7     38    29    76.32
 896   37    0   75.00  82.76    24     32   29      4     37    30    81.08
 897   50    0   87.50  92.11    35     40   38      3     50    40    80.00
 898   54    0   85.37  87.50    35     41   40      2     54    45    83.33
 899   38    0   96.77  93.75    30     31   32      0     38    32    84.21
 900   39    0   74.07  80.00    20     27   25      5     39    35    89.74
 901   41    0   82.86  76.32    29     35   38      1     41    35    85.37
 902   48    0   82.35  77.78    28     34   36      2     48    40    83.33
 903   42    0   82.86  90.62    29     35   32      1     42    35    83.33
 904   56    0   80.95  80.95    34     42   42      1     56    52    92.86
 905   40    0   75.00  69.23    18     24   26      5     40    30    75.00
 906   67    0   96.23  96.23    51     53   53      0     67    61    91.04
 907   39    0   74.29  86.67    26     35   30      4     39    33    84.62
 908   36    0   93.10  93.10    27     29   29      0     36    28    77.78
 909   45    0   70.00  65.62    21     30   32      6     45    38    84.44
 910   39    0   91.89  94.44    34     37   36      1     39    35    89.74
 911   41    0   97.06  97.06    33     34   34      0     41    36    87.80
 912   42    0   74.29  86.67    26     35   30      3     42    35    83.33
 913   33    0   73.91  80.95    17     23   21      2     33    28    84.85
 914   39    0  100.00 100.00    33     33   33      0     39    33    84.62
 915   39    0   76.00  82.61    19     25   23      4     39    35    89.74
 916   37    0   97.14  94.44    34     35   36      0     37    32    86.49
 917   48    0   91.49  93.48    43     47   46      1     48    37    77.08
 918   37    0   93.94  91.18    31     33   34      0     37    33    89.19
 919   36    0   88.46  88.46    23     26   26      1     36    28    77.78
 920   40    0   69.44  80.65    25     36   31      3     40    33    82.50
 921   59    0   86.27  93.62    44     51   47      0     59    50    84.75
 922   35    0   85.19  82.14    23     27   28      2     35    29    82.86
 923   42    0   91.67  91.67    33     36   36      2     42    36    85.71
 924   36    0   93.33  90.32    28     30   31      2     36    27    75.00
 925   47    0   79.49  83.78    31     39   37      3     47    39    82.98
 926   34    0   84.00  87.50    21     25   24      2     34    29    85.29
 927   31    0   56.52  61.90    13     23   21      6     31    27    87.10
 928   42    0   88.57  96.88    31     35   32      1     42    35    83.33
 929   44    0   90.62  80.56    29     32   36      1     44    38    86.36
 930   71    0   76.56  83.05    49     64   59      4     71    60    84.51
 931   38    0   83.33  81.08    30     36   37      3     38    30    78.95
 932   34    0   76.67  85.19    23     30   27      2     34    28    82.35
 933   30    0  100.00 100.00    24     24   24      0     30    24    80.00
 934   34    0   70.37  76.00    19     27   25      5     34    26    76.47
 935   34    0   96.55 100.00    28     29   28      0     34    26    76.47
 936   31    0  100.00 100.00    28     28   28      0     31    25    80.65
 937   26    0   82.61  73.08    19     23   26      1     26    21    80.77
 938   28    0   78.26  81.82    18     23   22      3     28    22    78.57
 939   40    0  100.00  96.97    32     32   33      0     40    33    82.50
 940   43    0   97.30  97.30    36     37   37      0     43    35    81.40
 941   34    0   86.67  83.87    26     30   31      0     34    29    85.29
 942   39    0  100.00 100.00    36     36   36      0     39    29    74.36
 943   39    0   84.38  93.10    27     32   29      1     39    34    87.18
 944   39    0   88.57  91.18    31     35   34      1     39    32    82.05
 945   65    0   83.02  84.62    44     53   52      4     65    53    81.54
 946   26    0   72.22  76.47    13     18   17      1     26    22    84.62
 947   56    0   85.11  86.96    40     47   46      4     56    47    83.93
 948   36    0   88.00  91.67    22     25   24      1     36    31    86.11
 949   30    0   92.00  85.19    23     25   27      1     30    25    83.33
 950   35    0   71.43  71.43    20     28   28      5     35    28    80.00
 951   26    0   86.96  95.24    20     23   21      0     26    21    80.77
 952   33    0   96.15  96.15    25     26   26      0     33    26    78.79
 953   29    0  100.00 100.00    23     23   23      0     29    21    72.41
 954   49    0   90.00  94.74    36     40   38      1     49    39    79.59
 955   39    0   80.56  82.86    29     36   35      3     39    33    84.62
 956   36    0   51.52  53.12    17     33   32     11     36    31    86.11
 957   33    0   96.55 100.00    28     29   28      0     33    26    78.79
 958   44    0   77.50  79.49    31     40   39      3     44    36    81.82
 959   33    0   64.29  66.67    18     28   27      5     33    24    72.73
 960   31    0   88.89  88.89    24     27   27      0     31    26    83.87
 961   27    0  100.00  95.00    19     19   20      0     27    21    77.78
 962   36    0   93.10  96.43    27     29   28      0     36    31    86.11
 963   32    0   80.65  80.65    25     31   31      4     32    27    84.38
 964   30    0   96.00  96.00    24     25   25      0     30    26    86.67
 965   29    0   69.23  75.00    18     26   24      4     29    24    82.76
 966   26    0  100.00 100.00    18     18   18      0     26    23    88.46
 967   31    0   92.00  92.00    23     25   25      1     31    23    74.19
 968   28    0   81.48  88.00    22     27   25      0     28    21    75.00
 969   30    0  100.00 100.00    22     22   22      0     30    24    80.00
 970   26    0   95.00  90.48    19     20   21      0     26    23    88.46
 971   37    0   79.41  77.14    27     34   35      5     37    29    78.38
 972   26    0   83.33  83.33    15     18   18      1     26    21    80.77
 973   32    0   89.29  92.59    25     28   27      1     32    25    78.12
============================================================================
                 87.12  89.02  13023 14948 14629    711  18467 15033    81.40
=== Summary ===

-- All --
Number of sentence        =    973
Number of Error sentence  =      0
Number of Skip  sentence  =      0
Number of Valid sentence  =    973
Bracketing Recall         =  87.12
Bracketing Precision      =  89.02
Bracketing FMeasure       =  88.06
Complete match            =  38.03
Average crossing          =   0.73
No crossing               =  67.73
2 or less crossing        =  89.21
Tagging accuracy          =  81.40

-- len<=100 --
Number of sentence        =    973
Number of Error sentence  =      0
Number of Skip  sentence  =      0
Number of Valid sentence  =    973
Bracketing Recall         =  87.12
Bracketing Precision      =  89.02
Bracketing FMeasure       =  88.06
Complete match            =  38.03
Average crossing          =   0.73
No crossing               =  67.73
2 or less crossing        =  89.21
Tagging accuracy          =  81.40
