  Sent.                        Matched  Bracket   Cross        Correct Tag
 ID  Len.  Stat. Recal  Prec.  Bracket gold test Bracket Words  Tags Accracy
============================================================================
   1    5    0  100.00 100.00     5      5    5      0      5     5   100.00
   2   10    0  100.00 100.00    10     10   10      0     10    10   100.00
   3    7    0  100.00 100.00     6      6    6      0      7     7   100.00
   4   10    0   71.43  71.43     5      7    7      1     10    10   100.00
   5    5    0   66.67 100.00     2      3    2      0      5     5   100.00
   6    9    0   33.33  33.33     2      6    6      3      9     9   100.00
   7    8    0   85.71  75.00     6      7    8      0      8     8   100.00
   8   10    0  100.00 100.00     7      7    7      0     10    10   100.00
   9   10    0   87.50  87.50     7      8    8      0     10    10   100.00
  10   11    0  100.00 100.00    10     10   10      0     11    11   100.00
  11    6    0  100.00 100.00     6      6    6      0      6     6   100.00
  12    7    0   80.00 100.00     4      5    4      0      7     7   100.00
  13    6    0   66.67  50.00     2      3    4      0      6     6   100.00
  14    3    0  100.00 100.00     3      3    3      0      3     3   100.00
  15    6    0  100.00 100.00     4      4    4      0      6     6   100.00
  16   10    0  100.00 100.00    10     10   10      0     10    10   100.00
  17   11    0   72.73  72.73     8     11   11      2     11    11   100.00
  18   10    0   71.43  83.33     5      7    6      0     10    10   100.00
  19   10    0  100.00 100.00     8      8    8      0     10    10   100.00
  20    8    0  100.00 100.00     6      6    6      0      8     8   100.00
  21    5    0  100.00 100.00     4      4    4      0      5     5   100.00
  22    9    0   90.00  90.00     9     10   10      0      9     9   100.00
  23   11    0  100.00 100.00     6      6    6      0     11    11   100.00
  24    9    0  100.00 100.00     8      8    8      0      9     9   100.00
  25   10    0  100.00 100.00     7      7    7      0     10    10   100.00
  26   10    0  100.00 100.00     5      5    5      0     10    10   100.00
  27   11    0  100.00 100.00     8      8    8      0     11    11   100.00
  28   10    0  100.00 100.00     6      6    6      0     10    10   100.00
  29    7    0  100.00 100.00     6      6    6      0      7     7   100.00
  30    5    0  100.00 100.00     5      5    5      0      5     5   100.00
  31    6    0  100.00 100.00     5      5    5      0      6     6   100.00
  32    6    0   80.00 100.00     4      5    4      0      6     6   100.00
  33   11    0  100.00 100.00     7      7    7      0     11    11   100.00
  34    9    0  100.00  71.43     5      5    7      0      9     9   100.00
  35   11    0  100.00 100.00     7      7    7      0     11    11   100.00
  36   11    0  100.00 100.00    10     10   10      0     11    11   100.00
  37    8    0   33.33  40.00     2      6    5      2      8     8   100.00
  38    6    0  100.00 100.00     5      5    5      0      6     6   100.00
  39   10    0  100.00 100.00     5      5    5      0     10    10   100.00
  40   10    0   81.82  81.82     9     11   11      1     10    10   100.00
  41   11    0  100.00 100.00     8      8    8      0     11    11   100.00
  42   11    0   87.50  87.50     7      8    8      0     11    11   100.00
  43    8    0  100.00 100.00     6      6    6      0      8     8   100.00
  44    5    0  100.00 100.00     4      4    4      0      5     5   100.00
  45   10    0  100.00 100.00     6      6    6      0     10    10   100.00
  46    9    0   83.33 100.00     5      6    5      0      9     9   100.00
  47   11    0  100.00 100.00     8      8    8      0     11    11   100.00
  48    9    0  100.00 100.00     9      9    9      0      9     9   100.00
  49   10    0   88.89  88.89     8      9    9      0     10    10   100.00
  50    6    0  100.00 100.00     6      6    6      0      6     6   100.00
  51    6    0  100.00 100.00     3      3    3      0      6     6   100.00
  52    7    0  100.00 100.00     6      6    6      0      7     7   100.00
  53    7    0  100.00 100.00     8      8    8      0      7     7   100.00
  54    9    0  100.00 100.00     6      6    6      0      9     9   100.00
  55   10    0  100.00 100.00     6      6    6      0     10    10   100.00
  56    7    0  100.00 100.00     6      6    6      0      7     7   100.00
  57   11    0  100.00 100.00     7      7    7      0     11    11   100.00
  58    8    0  100.00 100.00     5      5    5      0      8     8   100.00
  59   10    0  100.00 100.00     6      6    6      0     10    10   100.00
  60    6    0  100.00 100.00     5      5    5      0      6     6   100.00
  61    5    0  100.00 100.00     4      4    4      0      5     5   100.00
  62    7    0  100.00 100.00     6      6    6      0      7     7   100.00
  63    6    0  100.00 100.00     6      6    6      0      6     6   100.00
  64   11    0  100.00 100.00     6      6    6      0     11    11   100.00
  65    8    0  100.00 100.00     4      4    4      0      8     8   100.00
  66    8    0  100.00 100.00     6      6    6      0      8     8   100.00
  67   10    0   57.14  50.00     4      7    8      2     10    10   100.00
  68    8    0  100.00 100.00     4      4    4      0      8     8   100.00
  69   11    0   88.89  80.00     8      9   10      0     11    11   100.00
  70    8    0  100.00 100.00     6      6    6      0      8     8   100.00
  71    8    0  100.00 100.00     9      9    9      0      8     8   100.00
  72    5    0  100.00 100.00     4      4    4      0      5     5   100.00
  73    9    0   83.33  71.43     5      6    7      0      9     9   100.00
  74   10    0  100.00 100.00     7      7    7      0     10    10   100.00
  75   10    0  100.00 100.00     8      8    8      0     10    10   100.00
  76    8    0  100.00 100.00     7      7    7      0      8     8   100.00
  77    7    0  100.00 100.00     5      5    5      0      7     7   100.00
  78    9    0  100.00 100.00     7      7    7      0      9     9   100.00
  79    9    0  100.00 100.00     8      8    8      0      9     9   100.00
  80    6    0  100.00 100.00     5      5    5      0      6     6   100.00
  81   11    0  100.00 100.00    10     10   10      0     11    11   100.00
  82    5    0  100.00 100.00     3      3    3      0      5     5   100.00
  83    9    0  100.00 100.00     5      5    5      0      9     9   100.00
  84    9    0   83.33  62.50     5      6    8      0      9     9   100.00
  85    9    0   88.89  88.89     8      9    9      0      9     9   100.00
  86   11    0  100.00 100.00     9      9    9      0     11    11   100.00
  87    7    0  100.00 100.00     6      6    6      0      7     7   100.00
  88   11    0  100.00 100.00     9      9    9      0     11    11   100.00
  89   11    0   87.50  77.78     7      8    9      1     11    11   100.00
  90    6    0  100.00 100.00     5      5    5      0      6     6   100.00
  91    6    0  100.00 100.00     5      5    5      0      6     6   100.00
  92    4    0   66.67 100.00     2      3    2      0      4     4   100.00
  93    7    0  100.00 100.00     5      5    5      0      7     7   100.00
  94    9    0  100.00 100.00     9      9    9      0      9     9   100.00
  95   10    0  100.00 100.00    10     10   10      0     10    10   100.00
  96   11    0  100.00 100.00     8      8    8      0     11    11   100.00
  97    8    0  100.00 100.00     5      5    5      0      8     8   100.00
  98   10    0   71.43  83.33     5      7    6      0     10    10   100.00
  99    9    0  100.00 100.00     7      7    7      0      9     9   100.00
 100    8    0   50.00  60.00     3      6    5      1      8     8   100.00
 101    9    0   57.14  57.14     4      7    7      2      9     9   100.00
 102   10    0  100.00  75.00     6      6    8      0     10    10   100.00
 103    8    0   60.00  50.00     3      5    6      2      8     8   100.00
 104   10    0   50.00  66.67     4      8    6      2     10    10   100.00
 105   10    0  100.00 100.00     7      7    7      0     10    10   100.00
 106    5    0  100.00 100.00     4      4    4      0      5     5   100.00
 107    8    0  100.00 100.00     5      5    5      0      8     8   100.00
 108    9    0  100.00 100.00     9      9    9      0      9     9   100.00
 109    9    0  100.00 100.00     6      6    6      0      9     9   100.00
 110   10    0  100.00 100.00     9      9    9      0     10    10   100.00
 111    9    0   75.00  66.67     6      8    9      1      9     9   100.00
 112   10    0  100.00 100.00     8      8    8      0     10    10   100.00
 113    7    0  100.00 100.00     7      7    7      0      7     7   100.00
 114    9    0   33.33  40.00     2      6    5      3      9     9   100.00
 115   10    0  100.00 100.00    10     10   10      0     10    10   100.00
 116    9    0  100.00 100.00     9      9    9      0      9     9   100.00
 117    6    0  100.00 100.00     5      5    5      0      6     6   100.00
 118   11    0  100.00 100.00     9      9    9      0     11    11   100.00
 119    6    0  100.00 100.00     5      5    5      0      6     6   100.00
 120    6    0  100.00 100.00     6      6    6      0      6     6   100.00
 121   11    0  100.00 100.00     9      9    9      0     11    11   100.00
 122   11    0  100.00 100.00    10     10   10      0     11    11   100.00
 123    7    0  100.00 100.00     5      5    5      0      7     7   100.00
 124   11    0  100.00 100.00     9      9    9      0     11    11   100.00
 125    6    0  100.00 100.00     5      5    5      0      6     6   100.00
 126   10    0  100.00 100.00     8      8    8      0     10    10   100.00
 127    7    0   66.67  80.00     4      6    5      0      7     7   100.00
 128   11    0  100.00 100.00     8      8    8      0     11    11   100.00
 129   10    0   87.50 100.00     7      8    7      0     10    10   100.00
 130    9    0  100.00 100.00     7      7    7      0      9     9   100.00
 131    8    0  100.00 100.00     6      6    6      0      8     8   100.00
 132    9    0  100.00 100.00     7      7    7      0      9     9   100.00
 133    7    0  100.00 100.00     6      6    6      0      7     7   100.00
 134    9    0  100.00 100.00     8      8    8      0      9     9   100.00
 135   11    0   83.33  71.43     5      6    7      0     11    11   100.00
 136   10    0  100.00 100.00     5      5    5      0     10    10   100.00
 137    8    0  100.00 100.00     5      5    5      0      8     8   100.00
 138    6    0  100.00 100.00     4      4    4      0      6     6   100.00
 139    8    0  100.00 100.00     9      9    9      0      8     8   100.00
 140   10    0   83.33  83.33     5      6    6      0     10    10   100.00
 141    6    0  100.00 100.00     4      4    4      0      6     6   100.00
 142    6    0  100.00 100.00     4      4    4      0      6     6   100.00
 143    6    0  100.00 100.00     7      7    7      0      6     6   100.00
 144   10    0  100.00 100.00     6      6    6      0     10    10   100.00
 145    9    0   87.50 100.00     7      8    7      0      9     9   100.00
 146    7    0  100.00 100.00     6      6    6      0      7     7   100.00
 147   10    0   77.78 100.00     7      9    7      0     10    10   100.00
 148   10    0  100.00 100.00     6      6    6      0     10    10   100.00
 149   11    0  100.00 100.00    12     12   12      0     11    11   100.00
 150    8    0   80.00  80.00     4      5    5      0      8     8   100.00
 151    9    0   57.14  80.00     4      7    5      1      9     9   100.00
 152   11    0   70.00  70.00     7     10   10      2     11    11   100.00
 153   10    0   80.00  80.00     8     10   10      1     10    10   100.00
 154    8    0  100.00 100.00     7      7    7      0      8     8   100.00
 155    9    0  100.00 100.00     8      8    8      0      9     9   100.00
 156    8    0   42.86  50.00     3      7    6      2      8     8   100.00
 157    9    0   83.33  83.33     5      6    6      0      9     9   100.00
 158    8    0   50.00  75.00     3      6    4      0      8     8   100.00
 159    7    0   66.67  80.00     4      6    5      0      7     7   100.00
 160    4    0  100.00 100.00     2      2    2      0      4     4   100.00
 161   10    0   77.78  77.78     7      9    9      1     10    10   100.00
 162    8    0  100.00 100.00     7      7    7      0      8     8   100.00
 163    8    0  100.00 100.00     7      7    7      0      8     8   100.00
 164   11    0  100.00 100.00     6      6    6      0     11    11   100.00
 165    8    0   71.43 100.00     5      7    5      0      8     8   100.00
 166    7    0  100.00 100.00     7      7    7      0      7     7   100.00
 167   10    0  100.00 100.00     8      8    8      0     10    10   100.00
 168   11    0  100.00 100.00     7      7    7      0     11    11   100.00
 169   11    0   91.67 100.00    11     12   11      0     11    11   100.00
 170    8    0  100.00 100.00     6      6    6      0      8     8   100.00
 171    8    0  100.00  66.67     4      4    6      0      8     8   100.00
 172    9    0  100.00 100.00     6      6    6      0      9     9   100.00
 173   11    0  100.00 100.00     8      8    8      0     11    11   100.00
 174   10    0  100.00 100.00    10     10   10      0     10    10   100.00
 175   10    0  100.00 100.00     6      6    6      0     10    10   100.00
 176    5    0  100.00 100.00     4      4    4      0      5     5   100.00
 177    5    0  100.00 100.00     4      4    4      0      5     5   100.00
 178    8    0  100.00 100.00     5      5    5      0      8     8   100.00
 179    8    0  100.00 100.00     6      6    6      0      8     8   100.00
 180    7    0   80.00 100.00     4      5    4      0      7     7   100.00
 181    8    0  100.00 100.00     6      6    6      0      8     8   100.00
 182    7    0  100.00 100.00     6      6    6      0      7     7   100.00
 183    9    0  100.00 100.00     7      7    7      0      9     9   100.00
 184   10    0   90.00 100.00     9     10    9      0     10    10   100.00
 185    6    0   83.33  83.33     5      6    6      0      6     6   100.00
 186   10    0   77.78  77.78     7      9    9      1     10    10   100.00
 187    9    0  100.00 100.00     7      7    7      0      9     9   100.00
 188    5    0  100.00 100.00     5      5    5      0      5     5   100.00
 189   10    0  100.00 100.00    10     10   10      0     10    10   100.00
 190    9    0  100.00 100.00     6      6    6      0      9     9   100.00
 191    7    0  100.00 100.00     5      5    5      0      7     7   100.00
 192    9    0   87.50 100.00     7      8    7      0      9     9   100.00
 193   10    0  100.00 100.00     8      8    8      0     10    10   100.00
 194   10    0  100.00 100.00     9      9    9      0     10    10   100.00
 195    6    0  100.00 100.00     5      5    5      0      6     6   100.00
 196    7    0  100.00  88.89     8      8    9      0      7     7   100.00
 197    7    0  100.00 100.00     6      6    6      0      7     7   100.00
 198    9    0   60.00  50.00     3      5    6      1      9     9   100.00
 199    9    0  100.00 100.00     7      7    7      0      9     9   100.00
 200    9    0   83.33  83.33     5      6    6      0      9     9   100.00
 201    4    0  100.00 100.00     4      4    4      0      4     4   100.00
 202    7    0  100.00 100.00     5      5    5      0      7     7   100.00
 203    8    0  100.00 100.00     6      6    6      0      8     8   100.00
 204    9    0   45.45  83.33     5     11    6      1      9     9   100.00
 205    8    0  100.00 100.00     5      5    5      0      8     8   100.00
 206   10    0  100.00 100.00     8      8    8      0     10    10   100.00
 207   10    0   66.67  50.00     4      6    8      0     10    10   100.00
 208    6    0   57.14  80.00     4      7    5      0      6     6   100.00
 209    9    0  100.00 100.00     7      7    7      0      9     9   100.00
 210    7    0   75.00  60.00     3      4    5      0      7     7   100.00
 211   10    0   66.67  75.00     6      9    8      1     10    10   100.00
 212    3    0  100.00 100.00     2      2    2      0      3     3   100.00
 213    3    0  100.00 100.00     3      3    3      0      3     3   100.00
 214   10    0  100.00 100.00    10     10   10      0     10    10   100.00
 215    7    0   33.33  40.00     2      6    5      2      7     7   100.00
 216   10    0  100.00 100.00     9      9    9      0     10    10   100.00
 217    7    0   83.33 100.00     5      6    5      0      7     7   100.00
 218   10    0   87.50 100.00     7      8    7      0     10    10   100.00
 219    6    0  100.00 100.00     4      4    4      0      6     6   100.00
 220    7    0  100.00 100.00     4      4    4      0      7     7   100.00
 221    4    0  100.00 100.00     4      4    4      0      4     4   100.00
 222    9    0   87.50 100.00     7      8    7      0      9     9   100.00
 223    8    0  100.00 100.00     6      6    6      0      8     8   100.00
 224    9    0  100.00 100.00     9      9    9      0      9     9   100.00
 225    8    0  100.00 100.00     6      6    6      0      8     8   100.00
 226    7    0  100.00 100.00     6      6    6      0      7     7   100.00
 227    7    0  100.00 100.00     6      6    6      0      7     7   100.00
 228   10    0   87.50 100.00     7      8    7      0     10    10   100.00
 229    9    0  100.00 100.00     9      9    9      0      9     9   100.00
 230   12    0   87.50  87.50     7      8    8      0     12    12   100.00
 231   12    0   87.50  70.00     7      8   10      1     12    12   100.00
 232   12    0  100.00 100.00     9      9    9      0     12    12   100.00
 233   14    0  100.00 100.00    11     11   11      0     14    14   100.00
 234   14    0  100.00 100.00     9      9    9      0     14    14   100.00
 235   14    0  100.00 100.00     9      9    9      0     14    14   100.00
 236   15    0   60.00 100.00     6     10    6      0     15    15   100.00
 237   16    0  100.00 100.00    14     14   14      0     16    16   100.00
 238   11    0   83.33  71.43     5      6    7      0     11    11   100.00
 239   13    0   91.67  91.67    11     12   12      0     13    13   100.00
 240   15    0  100.00 100.00    12     12   12      0     15    15   100.00
 241   13    0  100.00 100.00     9      9    9      0     13    13   100.00
 242   13    0  100.00 100.00    11     11   11      0     13    13   100.00
 243   12    0   70.00  58.33     7     10   12      1     12    12   100.00
 244   12    0   87.50  87.50     7      8    8      0     12    12   100.00
 245   14    0  100.00 100.00     9      9    9      0     14    14   100.00
 246   13    0  100.00 100.00    12     12   12      0     13    13   100.00
 247   13    0  100.00 100.00    10     10   10      0     13    13   100.00
 248   16    0  100.00 100.00    14     14   14      0     16    16   100.00
 249   12    0   80.00  72.73     8     10   11      2     12    12   100.00
 250   16    0   85.71  92.31    12     14   13      0     16    16   100.00
 251   13    0  100.00  87.50     7      7    8      0     13    13   100.00
 252   14    0   44.44  44.44     4      9    9      4     14    14   100.00
 253   15    0   66.67  80.00     8     12   10      1     15    15   100.00
 254   14    0  100.00 100.00     9      9    9      0     14    14   100.00
 255   12    0  100.00 100.00    10     10   10      0     12    12   100.00
 256   12    0   44.44  57.14     4      9    7      2     12    12   100.00
 257   15    0   60.00  69.23     9     15   13      3     15    15   100.00
 258   15    0   88.89  80.00     8      9   10      1     15    15   100.00
 259   13    0  100.00 100.00    11     11   11      0     13    13   100.00
 260   10    0  100.00  50.00     4      4    8      0     10    10   100.00
 261   12    0   55.56  71.43     5      9    7      1     12    12   100.00
 262   13    0   88.89  88.89     8      9    9      0     13    13   100.00
 263   16    0  100.00 100.00    13     13   13      0     16    16   100.00
 264   14    0   92.86  92.86    13     14   14      0     14    14   100.00
 265   15    0  100.00 100.00    14     14   14      0     15    15   100.00
 266   12    0  100.00 100.00     8      8    8      0     12    12   100.00
 267   13    0  100.00 100.00    11     11   11      0     13    13   100.00
 268   13    0  100.00 100.00    10     10   10      0     13    13   100.00
 269   16    0  100.00 100.00    13     13   13      0     16    16   100.00
 270   14    0   92.86  92.86    13     14   14      0     14    14   100.00
 271   15    0   92.86  92.86    13     14   14      0     15    15   100.00
 272   13    0  100.00 100.00     9      9    9      0     13    13   100.00
 273   14    0   90.91  90.91    10     11   11      0     14    14   100.00
 274   15    0  100.00  75.00     9      9   12      0     15    15   100.00
 275   11    0  100.00 100.00     7      7    7      0     11    11   100.00
 276   12    0  100.00 100.00     8      8    8      0     12    12   100.00
 277   14    0  100.00 100.00    11     11   11      0     14    14   100.00
 278   13    0  100.00 100.00    10     10   10      0     13    13   100.00
 279   12    0  100.00 100.00     9      9    9      0     12    12   100.00
 280   15    0   50.00  37.50     3      6    8      3     15    15   100.00
 281   12    0  100.00 100.00    11     11   11      0     12    12   100.00
 282   12    0  100.00 100.00     9      9    9      0     12    12   100.00
 283    8    0  100.00 100.00     9      9    9      0      8     8   100.00
 284   14    0   60.00  54.55     6     10   11      3     14    14   100.00
 285   13    0  100.00 100.00     9      9    9      0     13    13   100.00
 286   15    0   71.43  62.50     5      7    8      1     15    15   100.00
 287   13    0   91.67 100.00    11     12   11      0     13    13   100.00
 288   14    0  100.00 100.00    12     12   12      0     14    14   100.00
 289   13    0  100.00 100.00     8      8    8      0     13    13   100.00
 290   15    0   75.00  80.00    12     16   15      1     15    15   100.00
 291   16    0   53.85  58.33     7     13   12      4     16    16   100.00
 292   15    0   80.00  80.00     8     10   10      1     15    15   100.00
 293   12    0  100.00  75.00     6      6    8      0     12    12   100.00
 294   13    0  100.00 100.00    10     10   10      0     13    13   100.00
 295   12    0   70.00  77.78     7     10    9      1     12    12   100.00
 296   16    0   76.92  83.33    10     13   12      0     16    16   100.00
 297   13    0  100.00 100.00    12     12   12      0     13    13   100.00
 298   16    0   66.67  88.89     8     12    9      0     16    16   100.00
 299   14    0  100.00  91.67    11     11   12      0     14    14   100.00
 300   14    0   77.78  87.50     7      9    8      0     14    14   100.00
 301   15    0   84.62  84.62    11     13   13      1     15    15   100.00
 302   12    0  100.00 100.00     9      9    9      0     12    12   100.00
 303   13    0  100.00 100.00    11     11   11      0     13    13   100.00
 304   14    0  100.00  90.00     9      9   10      0     14    14   100.00
 305   16    0   68.75  68.75    11     16   16      3     16    16   100.00
 306   15    0  100.00 100.00    14     14   14      0     15    15   100.00
 307   12    0   81.82  90.00     9     11   10      0     12    12   100.00
 308   15    0   71.43  83.33    10     14   12      0     15    15   100.00
 309   14    0  100.00 100.00    12     12   12      0     14    14   100.00
 310   16    0  100.00 100.00    12     12   12      0     16    16   100.00
 311   12    0  100.00 100.00    11     11   11      0     12    12   100.00
 312   13    0  100.00 100.00     8      8    8      0     13    13   100.00
 313   14    0   90.91  83.33    10     11   12      0     14    14   100.00
 314   14    0  100.00 100.00    11     11   11      0     14    14   100.00
 315   12    0   75.00  85.71     6      8    7      0     12    12   100.00
 316   11    0  100.00  90.00     9      9   10      0     11    11   100.00
 317   12    0   91.67 100.00    11     12   11      0     12    12   100.00
 318   11    0   85.71  66.67     6      7    9      0     11    11   100.00
 319   14    0  100.00 100.00     9      9    9      0     14    14   100.00
 320   15    0   11.11  20.00     1      9    5      3     15    15   100.00
 321   13    0  100.00 100.00     8      8    8      0     13    13   100.00
 322   14    0   40.00  80.00     4     10    5      0     14    14   100.00
 323   15    0   83.33  90.91    10     12   11      0     15    15   100.00
 324   16    0  100.00 100.00    14     14   14      0     16    16   100.00
 325   14    0  100.00  77.78     7      7    9      0     14    14   100.00
 326   14    0  100.00 100.00    12     12   12      0     14    14   100.00
 327   15    0   90.00 100.00     9     10    9      0     15    15   100.00
 328   15    0  100.00 100.00    10     10   10      0     15    15   100.00
 329   12    0  100.00 100.00     7      7    7      0     12    12   100.00
 330   16    0   90.00  81.82     9     10   11      0     16    16   100.00
 331   12    0  100.00 100.00    11     11   11      0     12    12   100.00
 332   12    0  100.00  81.82     9      9   11      0     12    12   100.00
 333   15    0   88.89  88.89     8      9    9      0     15    15   100.00
 334   13    0   90.00  81.82     9     10   11      0     13    13   100.00
 335   12    0   90.00  75.00     9     10   12      0     12    12   100.00
 336   12    0   92.31 100.00    12     13   12      0     12    12   100.00
 337   12    0   66.67  88.89     8     12    9      1     12    12   100.00
 338   12    0   37.50  42.86     3      8    7      3     12    12   100.00
 339   12    0  100.00  91.67    11     11   12      0     12    12   100.00
 340   13    0  100.00 100.00    12     12   12      0     13    13   100.00
 341   12    0   50.00  80.00     4      8    5      0     12    12   100.00
 342   12    0  100.00 100.00     8      8    8      0     12    12   100.00
 343   16    0  100.00  85.71    12     12   14      0     16    16   100.00
 344   14    0   90.00  75.00     9     10   12      0     14    14   100.00
 345   16    0  100.00 100.00    12     12   12      0     16    16   100.00
 346   12    0   90.91  90.91    10     11   11      0     12    12   100.00
 347   12    0  100.00 100.00    10     10   10      0     12    12   100.00
 348   11    0  100.00 100.00     7      7    7      0     11    11   100.00
 349   13    0  100.00 100.00    14     14   14      0     13    13   100.00
 350   10    0   77.78  77.78     7      9    9      0     10    10   100.00
 351   15    0  100.00 100.00    13     13   13      0     15    15   100.00
 352   14    0   87.50  87.50     7      8    8      0     14    14   100.00
 353   15    0  100.00 100.00     9      9    9      0     15    15   100.00
 354   13    0  100.00  90.00     9      9   10      0     13    13   100.00
 355   14    0  100.00 100.00     8      8    8      0     14    14   100.00
 356   13    0   83.33  76.92    10     12   13      0     13    13   100.00
 357   14    0  100.00 100.00    16     16   16      0     14    14   100.00
 358   12    0   44.44  44.44     4      9    9      3     12    12   100.00
 359   13    0  100.00 100.00    11     11   11      0     13    13   100.00
 360   12    0   71.43  55.56     5      7    9      1     12    12   100.00
 361   14    0   53.85  77.78     7     13    9      1     14    14   100.00
 362   11    0  100.00 100.00     9      9    9      0     11    11   100.00
 363   14    0   83.33  90.91    10     12   11      1     14    14   100.00
 364   14    0  100.00 100.00    12     12   12      0     14    14   100.00
 365   10    0   85.71 100.00     6      7    6      0     10    10   100.00
 366   12    0  100.00 100.00     9      9    9      0     12    12   100.00
 367   13    0   90.91  83.33    10     11   12      0     13    13   100.00
 368   13    0   91.67  91.67    11     12   12      0     13    13   100.00
 369   13    0  100.00 100.00     8      8    8      0     13    13   100.00
 370   15    0   75.00  85.71    12     16   14      2     15    15   100.00
 371   11    0   87.50 100.00     7      8    7      0     11    11   100.00
 372   14    0  100.00 100.00     9      9    9      0     14    14   100.00
 373   15    0   50.00  50.00     6     12   12      2     15    15   100.00
 374   14    0   60.00  60.00     6     10   10      2     14    14   100.00
 375   16    0   85.71  92.31    12     14   13      0     16    16   100.00
 376   15    0   78.57  78.57    11     14   14      2     15    15   100.00
 377   14    0  100.00 100.00    14     14   14      0     14    14   100.00
 378   15    0   81.82  90.00     9     11   10      0     15    15   100.00
 379   14    0  100.00 100.00     9      9    9      0     14    14   100.00
 380   13    0   41.67  50.00     5     12   10      4     13    13   100.00
 381   12    0   81.82 100.00     9     11    9      0     12    12   100.00
 382   13    0  100.00 100.00    10     10   10      0     13    13   100.00
 383   14    0   66.67  85.71     6      9    7      1     14    14   100.00
 384   12    0  100.00 100.00     8      8    8      0     12    12   100.00
 385   11    0  100.00 100.00     8      8    8      0     11    11   100.00
 386   14    0   80.00 100.00     8     10    8      0     14    14   100.00
 387   13    0  100.00 100.00    12     12   12      0     13    13   100.00
 388   11    0  100.00 100.00     8      8    8      0     11    11   100.00
 389   13    0  100.00 100.00     8      8    8      0     13    13   100.00
 390   16    0  100.00 100.00    14     14   14      0     16    16   100.00
 391   13    0  100.00 100.00     8      8    8      0     13    13   100.00
 392   13    0   66.67  72.73     8     12   11      3     13    13   100.00
 393   13    0   90.91  83.33    10     11   12      0     13    13   100.00
 394   14    0  100.00  81.82     9      9   11      0     14    14   100.00
 395   15    0   72.73  72.73     8     11   11      2     15    15   100.00
 396   14    0  100.00 100.00    14     14   14      0     14    14   100.00
 397   15    0  100.00 100.00    14     14   14      0     15    15   100.00
 398   19    0  100.00  94.44    17     17   18      0     19    19   100.00
 399   17    0   64.29  60.00     9     14   15      5     17    17   100.00
 400   14    0   84.62  91.67    11     13   12      0     14    14   100.00
 401   21    0   75.00  80.00    12     16   15      2     21    21   100.00
 402   18    0   68.75  84.62    11     16   13      2     18    18   100.00
 403   16    0   60.00  60.00     6     10   10      2     16    16   100.00
 404   17    0  100.00  75.00     9      9   12      0     17    17   100.00
 405   16    0   91.67 100.00    11     12   11      0     16    16   100.00
 406   20    0   75.00  75.00    12     16   16      2     20    20   100.00
 407   17    0   78.57  84.62    11     14   13      1     17    17   100.00
 408   20    0   78.57  78.57    11     14   14      1     20    20   100.00
 409   21    0   94.12  84.21    16     17   19      0     21    21   100.00
 410   18    0  100.00 100.00    15     15   15      0     18    18   100.00
 411   19    0  100.00 100.00    17     17   17      0     19    19   100.00
 412   18    0   54.55  54.55     6     11   11      4     18    18   100.00
 413   16    0   83.33  76.92    10     12   13      1     16    16   100.00
 414   18    0  100.00 100.00    15     15   15      0     18    18   100.00
 415   20    0   89.47  85.00    17     19   20      2     20    20   100.00
 416   20    0   94.12  94.12    16     17   17      0     20    20   100.00
 417   18    0  100.00 100.00    16     16   16      0     18    18   100.00
 418   20    0  100.00 100.00    14     14   14      0     20    20   100.00
 419   20    0   83.33  90.91    10     12   11      0     20    20   100.00
 420   21    0   78.57  73.33    11     14   15      2     21    21   100.00
 421   19    0   78.57  91.67    11     14   12      0     19    19   100.00
 422   20    0   91.67  91.67    11     12   12      0     20    20   100.00
 423   18    0   81.25  81.25    13     16   16      1     18    18   100.00
 424   21    0  100.00 100.00    20     20   20      0     21    21   100.00
 425   16    0  100.00  80.00     8      8   10      0     16    16   100.00
 426   18    0   62.50  50.00     5      8   10      2     18    18   100.00
 427   21    0  100.00 100.00    16     16   16      0     21    21   100.00
 428   18    0   81.25  92.86    13     16   14      0     18    18   100.00
 429   17    0   83.33  83.33    10     12   12      0     17    17   100.00
 430   18    0  100.00 100.00    17     17   17      0     18    18   100.00
 431   19    0   71.43  66.67    10     14   15      3     19    19   100.00
 432   20    0   94.12  94.12    16     17   17      0     20    20   100.00
 433   16    0   75.00  75.00     9     12   12      2     16    16   100.00
 434   17    0   75.00  75.00     9     12   12      2     17    17   100.00
 435   17    0   87.50  87.50    14     16   16      1     17    17   100.00
 436   20    0  100.00 100.00    14     14   14      0     20    20   100.00
 437   20    0   84.62  84.62    11     13   13      1     20    20   100.00
 438   19    0  100.00 100.00    13     13   13      0     19    19   100.00
 439   18    0   94.12 100.00    16     17   16      0     18    18   100.00
 440   18    0   93.33 100.00    14     15   14      0     18    18   100.00
 441   19    0   76.47  81.25    13     17   16      1     19    19   100.00
 442   19    0   94.44  94.44    17     18   18      0     19    19   100.00
 443   17    0   92.86 100.00    13     14   13      0     17    17   100.00
 444   21    0  100.00 100.00    16     16   16      0     21    21   100.00
 445   20    0   64.29  64.29     9     14   14      3     20    20   100.00
 446   21    0   88.24  88.24    15     17   17      0     21    21   100.00
 447   18    0   92.86  86.67    13     14   15      0     18    18   100.00
 448   19    0   93.33 100.00    14     15   14      0     19    19   100.00
 449   16    0   91.67  91.67    11     12   12      0     16    16   100.00
 450   17    0   69.23 100.00     9     13    9      0     17    17   100.00
 451   20    0   88.24  88.24    15     17   17      1     20    20   100.00
 452   19    0   85.00  89.47    17     20   19      2     19    19   100.00
 453   19    0   87.50  87.50    14     16   16      0     19    19   100.00
 454   21    0   78.95  83.33    15     19   18      2     21    21   100.00
 455   17    0  100.00 100.00    14     14   14      0     17    17   100.00
 456   17    0  100.00 100.00    13     13   13      0     17    17   100.00
 457   18    0   93.75 100.00    15     16   15      0     18    18   100.00
 458   16    0   91.67  91.67    11     12   12      0     16    16   100.00
 459   17    0   91.67  84.62    11     12   13      0     17    17   100.00
 460   16    0   80.00  72.73     8     10   11      1     16    16   100.00
 461   21    0   94.44  89.47    17     18   19      0     21    21   100.00
 462   18    0  100.00 100.00    15     15   15      0     18    18   100.00
 463   21    0   87.50  82.35    14     16   17      0     21    21   100.00
 464   21    0   66.67  66.67    12     18   18      2     21    21   100.00
 465   20    0  100.00 100.00    17     17   17      0     20    20   100.00
 466   20    0   85.71  85.71    12     14   14      1     20    20   100.00
 467   17    0   80.00  85.71    12     15   14      1     17    17   100.00
 468   21    0   81.82  78.26    18     22   23      2     21    21   100.00
 469   18    0   88.24  93.75    15     17   16      1     18    18   100.00
 470   21    0   80.00  92.31    12     15   13      1     21    21   100.00
 471   19    0   93.75  88.24    15     16   17      0     19    19   100.00
 472   19    0  100.00 100.00    17     17   17      0     19    19   100.00
 473   17    0   68.75  84.62    11     16   13      2     17    17   100.00
 474   18    0  100.00 100.00    13     13   13      0     18    18   100.00
 475   17    0   92.31  85.71    12     13   14      1     17    17   100.00
 476   21    0   57.14  63.16    12     21   19      6     21    21   100.00
 477   18    0   84.62  84.62    11     13   13      0     18    18   100.00
 478   18    0   63.64  58.33     7     11   12      3     18    18   100.00
 479   18    0   71.43  66.67    10     14   15      3     18    18   100.00
 480   15    0   71.43  76.92    10     14   13      3     15    15   100.00
 481   18    0   68.75  68.75    11     16   16      4     18    18   100.00
 482   12    0   66.67  80.00     8     12   10      1     12    12   100.00
 483   19    0   95.00  82.61    19     20   23      2     19    19   100.00
 484   15    0  100.00 100.00    15     15   15      0     15    15   100.00
 485   18    0   76.47  72.22    13     17   18      3     18    18   100.00
 486   21    0  100.00  94.74    18     18   19      0     21    21   100.00
 487   17    0   93.33 100.00    14     15   14      0     17    17   100.00
 488   16    0   58.33  63.64     7     12   11      3     16    16   100.00
 489   16    0   84.62  91.67    11     13   12      1     16    16   100.00
 490   21    0  100.00 100.00    19     19   19      0     21    21   100.00
 491   19    0   60.00  42.86     6     10   14      4     19    19   100.00
 492   16    0   69.23  75.00     9     13   12      2     16    16   100.00
 493   17    0  100.00 100.00    15     15   15      0     17    17   100.00
 494   20    0   81.25  86.67    13     16   15      1     20    20   100.00
 495   19    0   93.75  93.75    15     16   16      0     19    19   100.00
 496   15    0  100.00  90.91    10     10   11      0     15    15   100.00
 497   19    0   61.11  64.71    11     18   17      5     19    19   100.00
 498   15    0   85.71  85.71    12     14   14      0     15    15   100.00
 499   18    0   94.44  94.44    17     18   18      0     18    18   100.00
 500   17    0   92.31  85.71    12     13   14      0     17    17   100.00
 501   18    0  100.00 100.00    13     13   13      0     18    18   100.00
 502   17    0  100.00 100.00    15     15   15      0     17    17   100.00
 503   15    0  100.00 100.00    11     11   11      0     15    15   100.00
 504   18    0   77.78  82.35    14     18   17      2     18    18   100.00
 505   12    0   90.00  81.82     9     10   11      0     12    12   100.00
 506   20    0   92.31 100.00    12     13   12      0     20    20   100.00
 507   16    0   90.91  76.92    10     11   13      1     16    16   100.00
 508   16    0   84.62  84.62    11     13   13      1     16    16   100.00
 509   17    0  100.00 100.00    12     12   12      0     17    17   100.00
 510   17    0  100.00 100.00    13     13   13      0     17    17   100.00
 511   18    0   92.31  92.31    12     13   13      0     18    18   100.00
 512   17    0  100.00 100.00    10     10   10      0     17    17   100.00
 513   19    0   90.00 100.00     9     10    9      0     19    19   100.00
 514   16    0  100.00  85.71    12     12   14      0     16    16   100.00
 515   21    0  100.00 100.00    15     15   15      0     21    21   100.00
 516   21    0   66.67  73.68    14     21   19      4     21    21   100.00
 517   20    0  100.00 100.00    18     18   18      0     20    20   100.00
 518   19    0   81.25  92.86    13     16   14      0     19    19   100.00
 519   20    0   78.95  78.95    15     19   19      1     20    20   100.00
 520   21    0   88.89  88.89    16     18   18      1     21    21   100.00
 521   20    0  100.00 100.00    18     18   18      0     20    20   100.00
 522   19    0  100.00  88.89    16     16   18      0     19    19   100.00
 523   17    0  100.00  88.24    15     15   17      0     17    17   100.00
 524   17    0   83.33  83.33    10     12   12      2     17    17   100.00
 525   17    0  100.00 100.00    14     14   14      0     17    17   100.00
 526   19    0   87.50  93.33    14     16   15      0     19    19   100.00
 527   16    0  100.00 100.00    11     11   11      0     16    16   100.00
 528   17    0   83.33  83.33    10     12   12      1     17    17   100.00
 529   20    0   81.25 100.00    13     16   13      0     20    20   100.00
 530   18    0  100.00 100.00    15     15   15      0     18    18   100.00
 531   17    0   92.86  92.86    13     14   14      0     17    17   100.00
 532   23    0   91.67 100.00    22     24   22      0     23    23   100.00
 533   21    0   76.47  76.47    13     17   17      1     21    21   100.00
 534   25    0   76.19  84.21    16     21   19      3     25    25   100.00
 535   22    0   94.44  94.44    17     18   18      0     22    22   100.00
 536   22    0  100.00 100.00    14     14   14      0     22    22   100.00
 537   19    0   78.57  64.71    11     14   17      1     19    19   100.00
 538   23    0   92.31  92.31    12     13   13      0     23    23   100.00
 539   23    0   96.00 100.00    24     25   24      0     23    23   100.00
 540   21    0  100.00  93.75    15     15   16      0     21    21   100.00
 541   24    0   43.75  38.89     7     16   18      6     24    24   100.00
 542   22    0   93.75  93.75    15     16   16      0     22    22   100.00
 543   22    0   90.91  90.91    20     22   22      1     22    22   100.00
 544   23    0   83.33  80.00    20     24   25      3     23    23   100.00
 545   22    0  100.00 100.00    21     21   21      0     22    22   100.00
 546   25    0  100.00 100.00    22     22   22      0     25    25   100.00
 547   21    0   73.68  73.68    14     19   19      2     21    21   100.00
 548   22    0   71.43  66.67    10     14   15      2     22    22   100.00
 549   21    0   77.78  87.50    14     18   16      0     21    21   100.00
 550   23    0   92.86  81.25    13     14   16      0     23    23   100.00
 551   22    0   72.22  65.00    13     18   20      3     22    22   100.00
 552   24    0   78.57  73.33    11     14   15      2     24    24   100.00
 553   22    0   57.14  66.67     8     14   12      3     22    22   100.00
 554   19    0   50.00  54.55     6     12   11      2     19    19   100.00
 555   20    0   85.71  80.00    12     14   15      0     20    20   100.00
 556   23    0   68.42  72.22    13     19   18      2     23    23   100.00
 557   23    0   61.11  64.71    11     18   17      2     23    23   100.00
 558   23    0  100.00 100.00    21     21   21      0     23    23   100.00
 559   26    0   80.00  76.19    16     20   21      5     26    26   100.00
 560   24    0   86.36  86.36    19     22   22      2     24    24   100.00
 561   21    0   75.00  83.33    15     20   18      2     21    21   100.00
 562   23    0   77.78  77.78    14     18   18      1     23    23   100.00
 563   21    0  100.00 100.00    17     17   17      0     21    21   100.00
 564   24    0   61.90  72.22    13     21   18      5     24    24   100.00
 565   20    0   84.62  73.33    11     13   15      0     20    20   100.00
 566   22    0   76.47  76.47    13     17   17      2     22    22   100.00
 567   22    0   83.33  75.00    15     18   20      4     22    22   100.00
 568   25    0   94.44  85.00    17     18   20      0     25    25   100.00
 569   24    0   63.64  73.68    14     22   19      4     24    24   100.00
 570   23    0  100.00 100.00    19     19   19      0     23    23   100.00
 571   21    0  100.00 100.00    16     16   16      0     21    21   100.00
 572   21    0   78.95  75.00    15     19   20      2     21    21   100.00
 573   25    0   95.00  95.00    19     20   20      0     25    25   100.00
 574   20    0   94.44 100.00    17     18   17      0     20    20   100.00
 575   25    0   66.67  75.00    12     18   16      3     25    25   100.00
 576   23    0   95.45 100.00    21     22   21      0     23    23   100.00
 577   20    0  100.00  92.86    13     13   14      0     20    20   100.00
 578   23    0   59.09  65.00    13     22   20      5     23    23   100.00
 579   22    0   80.95  94.44    17     21   18      1     22    22   100.00
 580   25    0   95.24  90.91    20     21   22      0     25    25   100.00
 581   22    0   94.74 100.00    18     19   18      0     22    22   100.00
 582   21    0   81.25  92.86    13     16   14      1     21    21   100.00
 583   26    0   95.45 100.00    21     22   21      0     26    26   100.00
 584   22    0   69.57  84.21    16     23   19      3     22    22   100.00
 585   22    0  100.00 100.00    21     21   21      0     22    22   100.00
 586   24    0   62.50  58.82    10     16   17      2     24    24   100.00
 587   25    0   94.44 100.00    17     18   17      0     25    25   100.00
 588   25    0   72.22  76.47    13     18   17      3     25    25   100.00
 589   25    0   89.47  94.44    17     19   18      0     25    25   100.00
 590   22    0   82.35  77.78    14     17   18      2     22    22   100.00
 591   23    0   90.00  94.74    18     20   19      0     23    23   100.00
 592   22    0   61.90  72.22    13     21   18      5     22    22   100.00
 593   25    0   63.64  73.68    14     22   19      4     25    25   100.00
 594   23    0   86.67  81.25    13     15   16      1     23    23   100.00
 595   21    0   77.78  77.78    14     18   18      1     21    21   100.00
 596   21    0   90.00  81.82    18     20   22      3     21    21   100.00
 597   21    0  100.00 100.00    16     16   16      0     21    21   100.00
 598   21    0  100.00 100.00    20     20   20      0     21    21   100.00
 599   20    0   88.24  83.33    15     17   18      1     20    20   100.00
 600   22    0  100.00 100.00    18     18   18      0     22    22   100.00
 601   22    0   85.71  80.00    12     14   15      1     22    22   100.00
 602   24    0   95.45  95.45    21     22   22      0     24    24   100.00
 603   23    0   88.89  88.89    16     18   18      0     23    23   100.00
 604   20    0   85.71  92.31    12     14   13      0     20    20   100.00
 605   22    0   72.22  76.47    13     18   17      3     22    22   100.00
 606   22    0  100.00 100.00    19     19   19      0     22    22   100.00
 607   23    0   63.16  75.00    12     19   16      3     23    23   100.00
 608   25    0   85.71  90.00    18     21   20      1     25    25   100.00
 609   25    0   89.47  89.47    17     19   19      0     25    25   100.00
 610   16    0   81.25  81.25    13     16   16      2     16    16   100.00
 611   24    0   76.00  86.36    19     25   22      2     24    24   100.00
 612   22    0  100.00 100.00    18     18   18      0     22    22   100.00
 613   26    0  100.00 100.00    21     21   21      0     26    26   100.00
 614   21    0   75.00  75.00    15     20   20      1     21    21   100.00
 615   23    0  100.00 100.00    20     20   20      0     23    23   100.00
 616   20    0   75.00  80.00    12     16   15      2     20    20   100.00
 617   23    0   72.22  72.22    13     18   18      3     23    23   100.00
 618   24    0   76.19  76.19    16     21   21      3     24    24   100.00
 619   19    0   88.24  88.24    15     17   17      1     19    19   100.00
 620   22    0   89.47  89.47    17     19   19      1     22    22   100.00
 621   21    0   84.21 100.00    16     19   16      0     21    21   100.00
 622   26    0  100.00 100.00    20     20   20      0     26    26   100.00
 623   23    0   88.24  93.75    15     17   16      0     23    23   100.00
 624   24    0   94.44 100.00    17     18   17      0     24    24   100.00
 625   25    0  100.00 100.00    23     23   23      0     25    25   100.00
 626   21    0   68.42  72.22    13     19   18      4     21    21   100.00
 627   21    0   78.95  78.95    15     19   19      3     21    21   100.00
 628   24    0   80.95  80.95    17     21   21      3     24    24   100.00
 629   20    0   66.67  66.67    12     18   18      5     20    20   100.00
 630   21    0   93.75 100.00    15     16   15      0     21    21   100.00
 631   24    0   90.48  90.48    19     21   21      0     24    24   100.00
 632   22    0   81.82  85.71    18     22   21      2     22    22   100.00
 633   20    0   82.35  87.50    14     17   16      1     20    20   100.00
 634   22    0   78.95  93.75    15     19   16      0     22    22   100.00
 635   22    0   80.00 100.00    16     20   16      0     22    22   100.00
 636   24    0   82.61  86.36    19     23   22      2     24    24   100.00
 637   16    0   80.00  66.67     8     10   12      2     16    16   100.00
 638   19    0   73.33  61.11    11     15   18      3     19    19   100.00
 639   16    0  100.00 100.00    14     14   14      0     16    16   100.00
 640   17    0   64.29  69.23     9     14   13      4     17    17   100.00
 641   13    0  100.00 100.00    10     10   10      0     13    13   100.00
 642   21    0   70.59  80.00    12     17   15      3     21    21   100.00
 643   24    0   88.24  93.75    15     17   16      0     24    24   100.00
 644   16    0   71.43 100.00    10     14   10      0     16    16   100.00
 645   17    0  100.00 100.00    14     14   14      0     17    17   100.00
 646   19    0   77.78  93.33    14     18   15      1     19    19   100.00
 647   12    0   77.78  70.00     7      9   10      1     12    12   100.00
 648   20    0   50.00  44.44     8     16   18      5     20    20   100.00
 649   15    0   84.62  84.62    11     13   13      1     15    15   100.00
 650   13    0  100.00 100.00    10     10   10      0     13    13   100.00
 651   14    0  100.00 100.00     9      9    9      0     14    14   100.00
 652   18    0  100.00 100.00    17     17   17      0     18    18   100.00
 653   11    0  100.00 100.00    11     11   11      0     11    11   100.00
 654   22    0   80.95  85.00    17     21   20      1     22    22   100.00
 655   22    0  100.00 100.00    15     15   15      0     22    22   100.00
 656   12    0  100.00 100.00    10     10   10      0     12    12   100.00
 657   17    0   71.43  71.43    10     14   14      1     17    17   100.00
 658   26    0   94.12  88.89    16     17   18      0     26    26   100.00
 659   22    0   94.44 100.00    17     18   17      0     22    22   100.00
 660   23    0   80.00  76.19    16     20   21      2     23    23   100.00
 661   18    0   91.67 100.00    11     12   11      0     18    18   100.00
 662   13    0   72.73 100.00     8     11    8      0     13    13   100.00
 663   21    0   93.33  87.50    14     15   16      0     21    21   100.00
 664   15    0   77.78  87.50     7      9    8      0     15    15   100.00
 665   14    0  100.00 100.00     9      9    9      0     14    14   100.00
 666   15    0   78.57 100.00    11     14   11      0     15    15   100.00
 667   17    0  100.00 100.00    14     14   14      0     17    17   100.00
 668   14    0   80.00  88.89     8     10    9      0     14    14   100.00
 669   21    0   85.71  85.71    12     14   14      1     21    21   100.00
 670   14    0  100.00 100.00    12     12   12      0     14    14   100.00
 671   21    0   78.95  78.95    15     19   19      2     21    21   100.00
 672   21    0   62.50  71.43    10     16   14      2     21    21   100.00
 673   16    0  100.00 100.00    17     17   17      0     16    16   100.00
 674   12    0  100.00 100.00    11     11   11      0     12    12   100.00
 675   24    0   94.74  94.74    18     19   19      0     24    24   100.00
 676   13    0  100.00 100.00    12     12   12      0     13    13   100.00
 677   24    0   79.17  90.48    19     24   21      1     24    24   100.00
 678   15    0  100.00 100.00    12     12   12      0     15    15   100.00
 679   24    0   82.35  77.78    14     17   18      2     24    24   100.00
 680   23    0   94.74 100.00    18     19   18      0     23    23   100.00
 681   20    0   86.67  86.67    13     15   15      0     20    20   100.00
 682   12    0  100.00 100.00    10     10   10      0     12    12   100.00
 683   15    0   75.00  85.71    12     16   14      1     15    15   100.00
 684   17    0  100.00 100.00     9      9    9      0     17    17   100.00
 685   21    0   94.44  94.44    17     18   18      0     21    21   100.00
 686   13    0  100.00 100.00    11     11   11      0     13    13   100.00
 687   11    0  100.00 100.00     8      8    8      0     11    11   100.00
 688   23    0   75.00  88.24    15     20   17      0     23    23   100.00
 689   21    0   90.00  94.74    18     20   19      0     21    21   100.00
 690   12    0   90.91  90.91    10     11   11      0     12    12   100.00
 691   13    0  100.00 100.00     8      8    8      0     13    13   100.00
 692   21    0   93.33 100.00    14     15   14      0     21    21   100.00
 693   12    0   84.62  78.57    11     13   14      1     12    12   100.00
 694   17    0   72.73  61.54     8     11   13      1     17    17   100.00
 695   19    0   87.50  82.35    14     16   17      1     19    19   100.00
 696   16    0   92.86  92.86    13     14   14      0     16    16   100.00
 697   21    0   78.95  75.00    15     19   20      0     21    21   100.00
 698   25    0  100.00 100.00    24     24   24      0     25    25   100.00
 699   17    0   93.33 100.00    14     15   14      0     17    17   100.00
 700   18    0  100.00 100.00    13     13   13      0     18    18   100.00
 701   17    0   92.86 100.00    13     14   13      0     17    17   100.00
 702   21    0   86.36  95.00    19     22   20      1     21    21   100.00
 703   22    0  100.00  95.00    19     19   20      0     22    22   100.00
 704   17    0   93.33  93.33    14     15   15      0     17    17   100.00
 705   12    0  100.00 100.00     8      8    8      0     12    12   100.00
 706   17    0   94.12 100.00    16     17   16      0     17    17   100.00
 707   12    0  100.00 100.00     9      9    9      0     12    12   100.00
 708   17    0   80.00  92.31    12     15   13      1     17    17   100.00
 709   12    0   81.82  90.00     9     11   10      0     12    12   100.00
 710   11    0  100.00 100.00     7      7    7      0     11    11   100.00
 711   13    0  100.00 100.00    10     10   10      0     13    13   100.00
 712   12    0  100.00 100.00     8      8    8      0     12    12   100.00
 713   19    0   94.44  94.44    17     18   18      0     19    19   100.00
 714   21    0  100.00 100.00    18     18   18      0     21    21   100.00
 715   21    0  100.00 100.00    18     18   18      0     21    21   100.00
 716   23    0  100.00 100.00    21     21   21      0     23    23   100.00
 717   13    0   90.00  81.82     9     10   11      0     13    13   100.00
 718   23    0   77.78  66.67    14     18   21      1     23    23   100.00
 719   26    0   90.00  90.00    18     20   20      1     26    26   100.00
 720   13    0   93.33 100.00    14     15   14      0     13    13   100.00
 721   15    0   78.57  84.62    11     14   13      0     15    15   100.00
 722   13    0   88.89  88.89     8      9    9      0     13    13   100.00
 723   24    0   91.30  91.30    21     23   23      1     24    24   100.00
 724   17    0   82.35  87.50    14     17   16      1     17    17   100.00
 725   24    0   84.21  88.89    16     19   18      0     24    24   100.00
 726   16    0   61.54 100.00     8     13    8      0     16    16   100.00
 727   15    0   85.71  80.00    12     14   15      1     15    15   100.00
 728   13    0  100.00 100.00    10     10   10      0     13    13   100.00
 729   11    0  100.00 100.00    11     11   11      0     11    11   100.00
 730   17    0   86.67  86.67    13     15   15      1     17    17   100.00
 731   14    0   84.62  84.62    11     13   13      2     14    14   100.00
 732   24    0   94.12  88.89    16     17   18      0     24    24   100.00
 733   25    0   95.83 100.00    23     24   23      0     25    25   100.00
 734   21    0   78.57  68.75    11     14   16      1     21    21   100.00
 735   16    0  100.00 100.00    14     14   14      0     16    16   100.00
 736   13    0   81.82  75.00     9     11   12      2     13    13   100.00
 737   14    0  100.00 100.00    13     13   13      0     14    14   100.00
 738   24    0   86.36  86.36    19     22   22      1     24    24   100.00
 739   18    0  100.00 100.00    14     14   14      0     18    18   100.00
 740   11    0   90.91 100.00    10     11   10      0     11    11   100.00
 741   14    0  100.00 100.00    10     10   10      0     14    14   100.00
 742   24    0   90.91  95.24    20     22   21      0     24    24   100.00
 743   17    0   93.75  88.24    15     16   17      1     17    17   100.00
 744   19    0   93.75  93.75    15     16   16      0     19    19   100.00
 745   27    0   76.00  79.17    19     25   24      3     27    27   100.00
 746   11    0  100.00 100.00     9      9    9      0     11    11   100.00
 747   23    0  100.00 100.00    20     20   20      0     23    23   100.00
 748   24    0   95.83  95.83    23     24   24      0     24    24   100.00
 749   17    0  100.00 100.00    14     14   14      0     17    17   100.00
 750   14    0   81.82  90.00     9     11   10      0     14    14   100.00
 751   21    0   70.59  63.16    12     17   19      1     21    21   100.00
 752   17    0   91.67  91.67    11     12   12      1     17    17   100.00
 753   17    0  100.00 100.00    14     14   14      0     17    17   100.00
 754   11    0  100.00 100.00     9      9    9      0     11    11   100.00
 755   13    0   83.33  83.33    10     12   12      0     13    13   100.00
 756   22    0   92.86  92.86    13     14   14      0     22    22   100.00
 757   27    0   95.24  95.24    20     21   21      0     27    27   100.00
 758   29    0   40.74  73.33    11     27   15      2     29    29   100.00
 759   27    0   86.96  95.24    20     23   21      1     27    27   100.00
 760   27    0   80.00  70.59    12     15   17      2     27    27   100.00
 761   29    0   80.00  80.00    16     20   20      1     29    29   100.00
 762   25    0   88.24  83.33    15     17   18      0     25    25   100.00
 763   30    0   71.43  71.43    20     28   28      5     30    30   100.00
 764   27    0   95.83  95.83    23     24   24      0     27    27   100.00
 765   29    0   84.00  84.00    21     25   25      1     29    29   100.00
 766   25    0  100.00 100.00    23     23   23      0     25    25   100.00
 767   29    0   89.47  80.95    17     19   21      1     29    29   100.00
 768   25    0   87.50 100.00    14     16   14      0     25    25   100.00
 769   27    0   79.17  82.61    19     24   23      3     27    27   100.00
 770   27    0   87.50  82.35    14     16   17      2     27    27   100.00
 771   28    0   81.82  81.82    18     22   22      3     28    28   100.00
 772   30    0   90.91  90.91    20     22   22      1     30    30   100.00
 773   31    0   86.21  89.29    25     29   28      3     31    31   100.00
 774   27    0   71.43  75.00    15     21   20      4     27    27   100.00
 775   30    0   88.46  92.00    23     26   25      0     30    30   100.00
 776   27    0   84.21  94.12    16     19   17      0     27    27   100.00
 777   28    0   95.45  95.45    21     22   22      0     28    28   100.00
 778   27    0   73.91  77.27    17     23   22      3     27    27   100.00
 779   27    0   90.48  95.00    19     21   20      0     27    27   100.00
 780   13    0   75.00  75.00     9     12   12      2     13    13   100.00
 781   31    0   96.00  96.00    24     25   25      0     31    31   100.00
 782   29    0   76.19  66.67    16     21   24      5     29    29   100.00
 783   26    0   90.91  95.24    20     22   21      0     26    26   100.00
 784   28    0   90.91  95.24    20     22   21      0     28    28   100.00
 785   29    0  100.00  90.32    28     28   31      0     29    29   100.00
 786   28    0   71.43  71.43    15     21   21      3     28    28   100.00
 787   28    0   95.65  88.00    22     23   25      2     28    28   100.00
 788   30    0   92.00  88.46    23     25   26      1     30    30   100.00
 789   28    0  100.00 100.00    24     24   24      0     28    28   100.00
 790   26    0   95.65 100.00    22     23   22      0     26    26   100.00
 791   29    0  100.00 100.00    29     29   29      0     29    29   100.00
 792   27    0   70.00  70.00    14     20   20      2     27    27   100.00
 793   27    0   86.36  95.00    19     22   20      0     27    27   100.00
 794   28    0  100.00 100.00    25     25   25      0     28    28   100.00
 795   27    0   77.78  77.78    21     27   27      4     27    27   100.00
 796   30    0   88.00  88.00    22     25   25      1     30    30   100.00
 797   31    0  100.00 100.00    25     25   25      0     31    31   100.00
 798   27    0   95.45  87.50    21     22   24      0     27    27   100.00
 799   30    0   65.22  71.43    15     23   21      5     30    30   100.00
 800   28    0   90.00  94.74    18     20   19      1     28    28   100.00
 801   26    0   81.82  81.82    18     22   22      3     26    26   100.00
 802   23    0   73.68  82.35    14     19   17      1     23    23   100.00
 803   23    0   90.00  94.74    18     20   19      0     23    23   100.00
 804   25    0   90.48  79.17    19     21   24      0     25    25   100.00
 805   31    0  100.00 100.00    26     26   26      0     31    31   100.00
 806   29    0   79.17  90.48    19     24   21      0     29    29   100.00
 807   26    0   61.90  86.67    13     21   15      1     26    26   100.00
 808   27    0   95.65  95.65    22     23   23      0     27    27   100.00
 809   30    0   92.59  92.59    25     27   27      1     30    30   100.00
 810   26    0   90.91 100.00    20     22   20      0     26    26   100.00
 811   28    0  100.00 100.00    23     23   23      0     28    28   100.00
 812   26    0   79.17  90.48    19     24   21      2     26    26   100.00
 813   25    0   75.00  88.24    15     20   17      0     25    25   100.00
 814   27    0   95.83 100.00    23     24   23      0     27    27   100.00
 815   31    0   76.67  85.19    23     30   27      4     31    31   100.00
 816   27    0   80.00  84.21    16     20   19      2     27    27   100.00
 817   26    0   90.91 100.00    20     22   20      0     26    26   100.00
 818   23    0   47.06  66.67     8     17   12      4     23    23   100.00
 819   26    0   90.48  95.00    19     21   20      0     26    26   100.00
 820   28    0   70.00  73.68    14     20   19      3     28    28   100.00
 821   31    0  100.00 100.00    26     26   26      0     31    31   100.00
 822   29    0  100.00  96.15    25     25   26      0     29    29   100.00
 823   27    0   75.00  90.00    18     24   20      1     27    27   100.00
 824   31    0   86.21  86.21    25     29   29      1     31    31   100.00
 825   28    0   86.96  86.96    20     23   23      2     28    28   100.00
 826   28    0   79.17  73.08    19     24   26      4     28    28   100.00
 827   28    0   85.71  90.00    18     21   20      0     28    28   100.00
 828   24    0   68.42  76.47    13     19   17      2     24    24   100.00
 829   24    0   70.00  70.00    14     20   20      3     24    24   100.00
 830   30    0   81.48  88.00    22     27   25      2     30    30   100.00
 831   31    0   96.67 100.00    29     30   29      0     31    31   100.00
 832   32    0   75.86  88.00    22     29   25      0     32    32   100.00
 833   34    0   86.67  92.86    26     30   28      1     34    34   100.00
 834   35    0   92.31  88.89    24     26   27      0     35    35   100.00
 835   32    0   78.95  83.33    15     19   18      3     32    32   100.00
 836   33    0   95.83  92.00    23     24   25      0     33    33   100.00
 837   29    0   76.00  86.36    19     25   22      2     29    29   100.00
 838   30    0  100.00 100.00    23     23   23      0     30    30   100.00
 839   32    0  100.00 100.00    24     24   24      0     32    32   100.00
 840   31    0   58.33  58.33    14     24   24      8     31    31   100.00
 841   31    0   88.89  88.89    24     27   27      2     31    31   100.00
 842   35    0   75.86  84.62    22     29   26      2     35    35   100.00
 843   34    0   90.48  95.00    19     21   20      0     34    34   100.00
 844   31    0   93.33  93.33    28     30   30      1     31    31   100.00
 845   32    0   80.65  78.12    25     31   32      1     32    32   100.00
 846   34    0   61.29  95.00    19     31   20      1     34    34   100.00
 847   28    0   71.43  75.00    15     21   20      1     28    28   100.00
 848   31    0   66.67  69.57    16     24   23      5     31    31   100.00
 849   33    0   60.61  80.00    20     33   25      5     33    33   100.00
 850   34    0   78.79  78.79    26     33   33      2     34    34   100.00
 851   31    0   75.00  80.77    21     28   26      2     31    31   100.00
 852   34    0   82.76  92.31    24     29   26      0     34    34   100.00
 853   32    0   86.96  83.33    20     23   24      2     32    32   100.00
 854   33    0   85.71  85.71    24     28   28      1     33    33   100.00
 855   31    0   77.27  80.95    17     22   21      2     31    31   100.00
 856   30    0   78.26  81.82    18     23   22      1     30    30   100.00
 857   31    0   92.59  96.15    25     27   26      0     31    31   100.00
 858   24    0   86.67  86.67    13     15   15      0     24    24   100.00
 859   28    0   94.12  94.12    16     17   17      0     28    28   100.00
 860   31    0   78.57  84.62    22     28   26      0     31    31   100.00
 861   32    0  100.00 100.00    27     27   27      0     32    32   100.00
 862   30    0   95.65  88.00    22     23   25      2     30    30   100.00
 863   33    0   81.82  81.82    27     33   33      1     33    33   100.00
 864   18    0  100.00 100.00    13     13   13      0     18    18   100.00
 865   29    0   96.15 100.00    25     26   25      0     29    29   100.00
 866   34    0   43.33  48.15    13     30   27     11     34    34   100.00
 867   31    0   86.96  90.91    20     23   22      1     31    31   100.00
 868   32    0   87.50  91.30    21     24   23      2     32    32   100.00
 869   26    0   73.33  73.33    11     15   15      1     26    26   100.00
 870   29    0   80.77  87.50    21     26   24      2     29    29   100.00
 871   33    0   77.42  77.42    24     31   31      3     33    33   100.00
 872   30    0   90.91  90.91    20     22   22      0     30    30   100.00
 873   43    0   95.00  95.00    38     40   40      1     43    43   100.00
 874   38    0   78.79  78.79    26     33   33      2     38    38   100.00
 875   48    0   92.86 100.00    26     28   26      0     48    48   100.00
 876   39    0   93.75  93.75    30     32   32      0     39    39   100.00
 877   97    0   85.54  80.68    71     83   88      7     97    97   100.00
 878   55    0   97.73  95.56    43     44   45      0     55    55   100.00
 879   42    0   92.31  94.74    36     39   38      0     42    42   100.00
 880   49    0   80.56  85.29    29     36   34      3     49    49   100.00
 881   51    0   82.93  80.95    34     41   42      3     51    51   100.00
 882   39    0   75.00  77.78    21     28   27      2     39    39   100.00
 883   40    0   80.00  80.00    16     20   20      3     40    40   100.00
 884   42    0   89.29  89.29    25     28   28      0     42    42   100.00
 885   37    0   93.75  96.77    30     32   31      0     37    37   100.00
 886   35    0   82.14  85.19    23     28   27      3     35    35   100.00
 887   40    0   87.50  87.50    14     16   16      1     40    40   100.00
 888   35    0   88.46  79.31    23     26   29      0     35    35   100.00
 889   37    0   83.87  92.86    26     31   28      0     37    37   100.00
 890   36    0   93.33  96.55    28     30   29      0     36    36   100.00
 891   43    0   80.00  77.78    28     35   36      7     43    43   100.00
 892   88    0   67.74  70.00    42     62   60      6     88    88   100.00
 893   63    0   77.55  86.36    38     49   44      4     63    63   100.00
 894   36    0   75.00  75.00     9     12   12      2     36    36   100.00
 895   38    0   79.41  75.00    27     34   36      3     38    38   100.00
 896   37    0   71.88  92.00    23     32   25      2     37    37   100.00
 897   50    0   97.50 100.00    39     40   39      0     50    50   100.00
 898   54    0   85.37  87.50    35     41   40      3     54    54   100.00
 899   38    0   83.87  86.67    26     31   30      2     38    38   100.00
 900   39    0   88.89  88.89    24     27   27      2     39    39   100.00
 901   41    0   82.86  78.38    29     35   37      1     41    41   100.00
 902   48    0   76.47  70.27    26     34   37      5     48    48   100.00
 903   42    0   80.00  84.85    28     35   33      1     42    42   100.00
 904   56    0   88.10  88.10    37     42   42      1     56    56   100.00
 905   40    0   70.83  62.96    17     24   27      5     40    40   100.00
 906   67    0   90.57  92.31    48     53   52      1     67    67   100.00
 907   39    0   71.43  83.33    25     35   30      4     39    39   100.00
 908   36    0  100.00  96.67    29     29   30      0     36    36   100.00
 909   45    0   80.00  80.00    24     30   30      2     45    45   100.00
 910   39    0   97.30  92.31    36     37   39      0     39    39   100.00
 911   41    0   97.06  97.06    33     34   34      0     41    41   100.00
 912   42    0   74.29  76.47    26     35   34      4     42    42   100.00
 913   33    0   73.91  85.00    17     23   20      2     33    33   100.00
 914   39    0   96.97 100.00    32     33   32      0     39    39   100.00
 915   39    0   76.00  67.86    19     25   28      4     39    39   100.00
 916   37    0   88.57  91.18    31     35   34      1     37    37   100.00
 917   48    0   93.62  95.65    44     47   46      2     48    48   100.00
 918   37    0   81.82  90.00    27     33   30      1     37    37   100.00
 919   36    0   80.77  75.00    21     26   28      3     36    36   100.00
 920   40    0   69.44  80.65    25     36   31      3     40    40   100.00
 921   59    0   86.27  89.80    44     51   49      3     59    59   100.00
 922   35    0   92.59  80.65    25     27   31      1     35    35   100.00
 923   42    0   83.33  85.71    30     36   35      3     42    42   100.00
 924   36    0   93.33  93.33    28     30   30      2     36    36   100.00
 925   47    0   76.92  76.92    30     39   39      3     47    47   100.00
 926   34    0   60.00  83.33    15     25   18      2     34    34   100.00
 927   31    0   47.83  55.00    11     23   20      5     31    31   100.00
 928   42    0   88.57  96.88    31     35   32      0     42    42   100.00
 929   44    0   87.50  80.00    28     32   35      2     44    44   100.00
 930   71    0   73.44  78.33    47     64   60      6     71    71   100.00
 931   38    0   86.11  86.11    31     36   36      2     38    38   100.00
 932   34    0   76.67  85.19    23     30   27      2     34    34   100.00
 933   30    0   95.83 100.00    23     24   23      0     30    30   100.00
 934   34    0   88.89  82.76    24     27   29      1     34    34   100.00
 935   34    0   96.55 100.00    28     29   28      0     34    34   100.00
 936   31    0  100.00 100.00    28     28   28      0     31    31   100.00
 937   26    0   82.61  76.00    19     23   25      3     26    26   100.00
 938   28    0   86.96  90.91    20     23   22      1     28    28   100.00
 939   40    0   90.62  90.62    29     32   32      1     40    40   100.00
 940   43    0   91.89  91.89    34     37   37      2     43    43   100.00
 941   34    0   83.33  86.21    25     30   29      1     34    34   100.00
 942   39    0  100.00 100.00    36     36   36      0     39    39   100.00
 943   39    0   71.88  79.31    23     32   29      3     39    39   100.00
 944   39    0   77.14  87.10    27     35   31      3     39    39   100.00
 945   65    0   77.36  77.36    41     53   53      6     65    65   100.00
 946   26    0   72.22  81.25    13     18   16      1     26    26   100.00
 947   56    0   80.85  86.36    38     47   44      4     56    56   100.00
 948   36    0   72.00  69.23    18     25   26      7     36    36   100.00
 949   30    0   96.00  88.89    24     25   27      1     30    30   100.00
 950   35    0   71.43  68.97    20     28   29      6     35    35   100.00
 951   26    0   82.61  90.48    19     23   21      1     26    26   100.00
 952   33    0   96.15  96.15    25     26   26      0     33    33   100.00
 953   29    0   95.65  91.67    22     23   24      0     29    29   100.00
 954   49    0   82.50  89.19    33     40   37      2     49    49   100.00
 955   39    0   83.33  90.91    30     36   33      1     39    39   100.00
 956   36    0   60.61  66.67    20     33   30      6     36    36   100.00
 957   33    0   93.10  96.43    27     29   28      0     33    33   100.00
 958   44    0   72.50  69.05    29     40   42      5     44    44   100.00
 959   33    0   67.86  70.37    19     28   27      6     33    33   100.00
 960   31    0   96.30  92.86    26     27   28      0     31    31   100.00
 961   27    0   94.74  94.74    18     19   19      0     27    27   100.00
 962   36    0   86.21  89.29    25     29   28      0     36    36   100.00
 963   32    0   70.97  70.97    22     31   31      5     32    32   100.00
 964   30    0  100.00  96.15    25     25   26      0     30    30   100.00
 965   29    0   61.54  66.67    16     26   24      5     29    29   100.00
 966   26    0  100.00 100.00    18     18   18      0     26    26   100.00
 967   31    0   88.00  88.00    22     25   25      2     31    31   100.00
 968   28    0   88.89  92.31    24     27   26      0     28    28   100.00
 969   30    0   90.91  86.96    20     22   23      1     30    30   100.00
 970   26    0   90.00  94.74    18     20   19      1     26    26   100.00
 971   37    0   73.53  75.76    25     34   33      5     37    37   100.00
 972   26    0   83.33  78.95    15     18   19      1     26    26   100.00
 973   32    0   92.86  92.86    26     28   28      0     32    32   100.00
============================================================================
                 86.38  88.00  12912 14948 14673    773  18467 18467   100.00
=== Summary ===

-- All --
Number of sentence        =    973
Number of Error sentence  =      0
Number of Skip  sentence  =      0
Number of Valid sentence  =    973
Bracketing Recall         =  86.38
Bracketing Precision      =  88.00
Bracketing FMeasure       =  87.18
Complete match            =  35.46
Average crossing          =   0.79
No crossing               =  65.06
2 or less crossing        =  88.39
Tagging accuracy          = 100.00

-- len<=100 --
Number of sentence        =    973
Number of Error sentence  =      0
Number of Skip  sentence  =      0
Number of Valid sentence  =    973
Bracketing Recall         =  86.38
Bracketing Precision      =  88.00
Bracketing FMeasure       =  87.18
Complete match            =  35.46
Average crossing          =   0.79
No crossing               =  65.06
2 or less crossing        =  88.39
Tagging accuracy          = 100.00
